1.00E-03	0
2.00E-03	1.00E-05
3.00E-03	1.00E-05
4.00E-03	1.01E-05
5.00E-03	1.01E-05
6.00E-03	1.01E-05
7.00E-03	1.02E-05
8.00E-03	1.02E-05
9.00E-03	1.02E-05
1.00E-02	1.03E-05
1.10E-02	1.03E-05
1.20E-02	1.03E-05
1.30E-02	1.04E-05
1.40E-02	1.04E-05
1.50E-02	1.04E-05
1.60E-02	1.05E-05
1.70E-02	1.05E-05
1.80E-02	1.05E-05
1.90E-02	1.06E-05
2.00E-02	1.06E-05
2.10E-02	1.06E-05
2.20E-02	1.07E-05
2.30E-02	1.07E-05
2.40E-02	1.07E-05
2.50E-02	1.08E-05
2.60E-02	1.08E-05
2.70E-02	1.09E-05
2.80E-02	1.09E-05
2.90E-02	1.09E-05
3.00E-02	1.10E-05
3.10E-02	1.10E-05
3.20E-02	1.10E-05
3.30E-02	1.11E-05
3.40E-02	1.11E-05
3.50E-02	1.11E-05
3.60E-02	1.12E-05
3.70E-02	1.12E-05
3.80E-02	1.12E-05
3.90E-02	1.13E-05
4.00E-02	1.13E-05
4.10E-02	1.14E-05
4.20E-02	1.14E-05
4.30E-02	1.14E-05
4.40E-02	1.15E-05
4.50E-02	1.15E-05
4.60E-02	1.15E-05
4.70E-02	1.16E-05
4.80E-02	1.16E-05
4.90E-02	1.17E-05
5.00E-02	1.17E-05
5.10E-02	1.17E-05
5.20E-02	1.18E-05
5.30E-02	1.18E-05
5.40E-02	1.19E-05
5.50E-02	1.19E-05
5.60E-02	1.19E-05
5.70E-02	1.20E-05
5.80E-02	1.20E-05
5.90E-02	1.21E-05
6.00E-02	1.21E-05
6.10E-02	1.21E-05
6.20E-02	1.22E-05
6.30E-02	1.22E-05
6.40E-02	1.23E-05
6.50E-02	1.23E-05
6.60E-02	1.23E-05
6.70E-02	1.24E-05
6.80E-02	1.24E-05
6.90E-02	1.25E-05
7.00E-02	1.25E-05
7.10E-02	1.25E-05
7.20E-02	1.26E-05
7.30E-02	1.26E-05
7.40E-02	1.27E-05
7.50E-02	1.27E-05
7.60E-02	1.27E-05
7.70E-02	1.28E-05
7.80E-02	1.28E-05
7.90E-02	1.29E-05
8.00E-02	1.29E-05
8.10E-02	1.30E-05
8.20E-02	1.30E-05
8.30E-02	1.30E-05
8.40E-02	1.31E-05
8.50E-02	1.31E-05
8.60E-02	1.32E-05
8.70E-02	1.32E-05
8.80E-02	1.33E-05
8.90E-02	1.33E-05
9.00E-02	1.33E-05
9.10E-02	1.34E-05
9.20E-02	1.34E-05
9.30E-02	1.35E-05
9.40E-02	1.35E-05
9.50E-02	1.36E-05
9.60E-02	1.36E-05
9.70E-02	1.37E-05
9.80E-02	1.37E-05
9.90E-02	1.37E-05
0.1	1.38E-05
0.101	1.38E-05
0.102	1.39E-05
0.103	1.39E-05
0.104	1.40E-05
0.105	1.40E-05
0.106	1.41E-05
0.107	1.41E-05
0.108	1.42E-05
0.109	1.42E-05
0.11	1.42E-05
0.111	1.43E-05
0.112	1.43E-05
0.113	1.44E-05
0.114	1.44E-05
0.115	1.45E-05
0.116	1.45E-05
0.117	1.46E-05
0.118	1.46E-05
0.119	1.47E-05
0.12	1.47E-05
0.121	1.48E-05
0.122	1.48E-05
0.123	1.49E-05
0.124	1.49E-05
0.125	1.50E-05
0.126	1.50E-05
0.127	1.51E-05
0.128	1.51E-05
0.129	1.52E-05
0.13	1.52E-05
0.131	1.53E-05
0.132	1.53E-05
0.133	1.54E-05
0.134	1.54E-05
0.135	1.55E-05
0.136	1.55E-05
0.137	1.56E-05
0.138	1.56E-05
0.139	1.57E-05
0.14	1.57E-05
0.141	1.58E-05
0.142	1.58E-05
0.143	1.59E-05
0.144	1.59E-05
0.145	1.60E-05
0.146	1.60E-05
0.147	1.61E-05
0.148	1.61E-05
0.149	1.62E-05
0.15	1.62E-05
0.151	1.63E-05
0.152	1.64E-05
0.153	1.64E-05
0.154	1.65E-05
0.155	1.65E-05
0.156	1.66E-05
0.157	1.66E-05
0.158	1.67E-05
0.159	1.67E-05
0.16	1.68E-05
0.161	1.68E-05
0.162	1.69E-05
0.163	1.70E-05
0.164	1.70E-05
0.165	1.71E-05
0.166	1.71E-05
0.167	1.72E-05
0.168	1.72E-05
0.169	1.73E-05
0.17	1.73E-05
0.171	1.74E-05
0.172	1.75E-05
0.173	1.75E-05
0.174	1.76E-05
0.175	1.76E-05
0.176	1.77E-05
0.177	1.78E-05
0.178	1.78E-05
0.179	1.79E-05
0.18	1.79E-05
0.181	1.80E-05
0.182	1.80E-05
0.183	1.81E-05
0.184	1.82E-05
0.185	1.82E-05
0.186	1.83E-05
0.187	1.83E-05
0.188	1.84E-05
0.189	1.85E-05
0.19	1.85E-05
0.191	1.86E-05
0.192	1.86E-05
0.193	1.87E-05
0.194	1.88E-05
0.195	1.88E-05
0.196	1.89E-05
0.197	1.90E-05
0.198	1.90E-05
0.199	1.91E-05
0.2	1.91E-05
0.201	1.92E-05
0.202	1.93E-05
0.203	1.93E-05
0.204	1.94E-05
0.205	1.95E-05
0.206	1.95E-05
0.207	1.96E-05
0.208	1.97E-05
0.209	1.97E-05
0.21	1.98E-05
0.211	1.98E-05
0.212	1.99E-05
0.213	2.00E-05
0.214	2.00E-05
0.215	2.01E-05
0.216	2.02E-05
0.217	2.02E-05
0.218	2.03E-05
0.219	2.04E-05
0.22	2.04E-05
0.221	2.05E-05
0.222	2.06E-05
0.223	2.06E-05
0.224	2.07E-05
0.225	2.08E-05
0.226	2.08E-05
0.227	2.09E-05
0.228	2.10E-05
0.229	2.11E-05
0.23	2.11E-05
0.231	2.12E-05
0.232	2.13E-05
0.233	2.13E-05
0.234	2.14E-05
0.235	2.15E-05
0.236	2.15E-05
0.237	2.16E-05
0.238	2.17E-05
0.239	2.18E-05
0.24	2.18E-05
0.241	2.19E-05
0.242	2.20E-05
0.243	2.20E-05
0.244	2.21E-05
0.245	2.22E-05
0.246	2.23E-05
0.247	2.23E-05
0.248	2.24E-05
0.249	2.25E-05
0.25	2.26E-05
0.251	2.26E-05
0.252	2.27E-05
0.253	2.28E-05
0.254	2.29E-05
0.255	2.29E-05
0.256	2.30E-05
0.257	2.31E-05
0.258	2.32E-05
0.259	2.32E-05
0.26	2.33E-05
0.261	2.34E-05
0.262	2.35E-05
0.263	2.35E-05
0.264	2.36E-05
0.265	2.37E-05
0.266	2.38E-05
0.267	2.38E-05
0.268	2.39E-05
0.269	2.40E-05
0.27	2.41E-05
0.271	2.42E-05
0.272	2.42E-05
0.273	2.43E-05
0.274	2.44E-05
0.275	2.45E-05
0.276	2.46E-05
0.277	2.46E-05
0.278	2.47E-05
0.279	2.48E-05
0.28	2.49E-05
0.281	2.50E-05
0.282	2.50E-05
0.283	2.51E-05
0.284	2.52E-05
0.285	2.53E-05
0.286	2.54E-05
0.287	2.55E-05
0.288	2.55E-05
0.289	2.56E-05
0.29	2.57E-05
0.291	2.58E-05
0.292	2.59E-05
0.293	2.60E-05
0.294	2.61E-05
0.295	2.61E-05
0.296	2.62E-05
0.297	2.63E-05
0.298	2.64E-05
0.299	2.65E-05
0.3	2.66E-05
0.301	2.67E-05
0.302	2.67E-05
0.303	2.68E-05
0.304	2.69E-05
0.305	2.70E-05
0.306	2.71E-05
0.307	2.72E-05
0.308	2.73E-05
0.309	2.74E-05
0.31	2.75E-05
0.311	2.75E-05
0.312	2.76E-05
0.313	2.77E-05
0.314	2.78E-05
0.315	2.79E-05
0.316	2.80E-05
0.317	2.81E-05
0.318	2.82E-05
0.319	2.83E-05
0.32	2.84E-05
0.321	2.85E-05
0.322	2.86E-05
0.323	2.87E-05
0.324	2.87E-05
0.325	2.88E-05
0.326	2.89E-05
0.327	2.90E-05
0.328	2.91E-05
0.329	2.92E-05
0.33	2.93E-05
0.331	2.94E-05
0.332	2.95E-05
0.333	2.96E-05
0.334	2.97E-05
0.335	2.98E-05
0.336	2.99E-05
0.337	3.00E-05
0.338	3.01E-05
0.339	3.02E-05
0.34	3.03E-05
0.341	3.04E-05
0.342	3.05E-05
0.343	3.06E-05
0.344	3.07E-05
0.345	3.08E-05
0.346	3.09E-05
0.347	3.10E-05
0.348	3.11E-05
0.349	3.12E-05
0.35	3.13E-05
0.351	3.14E-05
0.352	3.15E-05
0.353	3.16E-05
0.354	3.17E-05
0.355	3.18E-05
0.356	3.19E-05
0.357	3.20E-05
0.358	3.21E-05
0.359	3.22E-05
0.36	3.23E-05
0.361	3.24E-05
0.362	3.26E-05
0.363	3.27E-05
0.364	3.28E-05
0.365	3.29E-05
0.366	3.30E-05
0.367	3.31E-05
0.368	3.32E-05
0.369	3.33E-05
0.37	3.34E-05
0.371	3.35E-05
0.372	3.36E-05
0.373	3.37E-05
0.374	3.39E-05
0.375	3.40E-05
0.376	3.41E-05
0.377	3.42E-05
0.378	3.43E-05
0.379	3.44E-05
0.38	3.45E-05
0.381	3.46E-05
0.382	3.48E-05
0.383	3.49E-05
0.384	3.50E-05
0.385	3.51E-05
0.386	3.52E-05
0.387	3.53E-05
0.388	3.54E-05
0.389	3.56E-05
0.39	3.57E-05
0.391	3.58E-05
0.392	3.59E-05
0.393	3.60E-05
0.394	3.62E-05
0.395	3.63E-05
0.396	3.64E-05
0.397	3.65E-05
0.398	3.66E-05
0.399	3.67E-05
0.4	3.69E-05
0.401	3.70E-05
0.402	3.71E-05
0.403	3.72E-05
0.404	3.74E-05
0.405	3.75E-05
0.406	3.76E-05
0.407	3.77E-05
0.408	3.78E-05
0.409	3.80E-05
0.41	3.81E-05
0.411	3.82E-05
0.412	3.83E-05
0.413	3.85E-05
0.414	3.86E-05
0.415	3.87E-05
0.416	3.89E-05
0.417	3.90E-05
0.418	3.91E-05
0.419	3.92E-05
0.42	3.94E-05
0.421	3.95E-05
0.422	3.96E-05
0.423	3.98E-05
0.424	3.99E-05
0.425	4.00E-05
0.426	4.01E-05
0.427	4.03E-05
0.428	4.04E-05
0.429	4.05E-05
0.43	4.07E-05
0.431	4.08E-05
0.432	4.09E-05
0.433	4.11E-05
0.434	4.12E-05
0.435	4.13E-05
0.436	4.15E-05
0.437	4.16E-05
0.438	4.18E-05
0.439	4.19E-05
0.44	4.20E-05
0.441	4.22E-05
0.442	4.23E-05
0.443	4.24E-05
0.444	4.26E-05
0.445	4.27E-05
0.446	4.29E-05
0.447	4.30E-05
0.448	4.31E-05
0.449	4.33E-05
0.45	4.34E-05
0.451	4.36E-05
0.452	4.37E-05
0.453	4.39E-05
0.454	4.40E-05
0.455	4.41E-05
0.456	4.43E-05
0.457	4.44E-05
0.458	4.46E-05
0.459	4.47E-05
0.46	4.49E-05
0.461	4.50E-05
0.462	4.52E-05
0.463	4.53E-05
0.464	4.55E-05
0.465	4.56E-05
0.466	4.58E-05
0.467	4.59E-05
0.468	4.61E-05
0.469	4.62E-05
0.47	4.64E-05
0.471	4.65E-05
0.472	4.67E-05
0.473	4.68E-05
0.474	4.70E-05
0.475	4.71E-05
0.476	4.73E-05
0.477	4.74E-05
0.478	4.76E-05
0.479	4.77E-05
0.48	4.79E-05
0.481	4.81E-05
0.482	4.82E-05
0.483	4.84E-05
0.484	4.85E-05
0.485	4.87E-05
0.486	4.89E-05
0.487	4.90E-05
0.488	4.92E-05
0.489	4.93E-05
0.49	4.95E-05
0.491	4.97E-05
0.492	4.98E-05
0.493	5.00E-05
0.494	5.01E-05
0.495	5.03E-05
0.496	5.05E-05
0.497	5.06E-05
0.498	5.08E-05
0.499	5.10E-05
0.5	5.11E-05
0.501	5.13E-05
0.502	5.15E-05
0.503	5.16E-05
0.504	5.18E-05
0.505	5.20E-05
0.506	5.22E-05
0.507	5.23E-05
0.508	5.25E-05
0.509	5.27E-05
0.51	5.28E-05
0.511	5.30E-05
0.512	5.32E-05
0.513	5.34E-05
0.514	5.35E-05
0.515	5.37E-05
0.516	5.39E-05
0.517	5.41E-05
0.518	5.42E-05
0.519	5.44E-05
0.52	5.46E-05
0.521	5.48E-05
0.522	5.50E-05
0.523	5.51E-05
0.524	5.53E-05
0.525	5.55E-05
0.526	5.57E-05
0.527	5.59E-05
0.528	5.60E-05
0.529	5.62E-05
0.53	5.64E-05
0.531	5.66E-05
0.532	5.68E-05
0.533	5.70E-05
0.534	5.72E-05
0.535	5.73E-05
0.536	5.75E-05
0.537	5.77E-05
0.538	5.79E-05
0.539	5.81E-05
0.54	5.83E-05
0.541	5.85E-05
0.542	5.87E-05
0.543	5.89E-05
0.544	5.91E-05
0.545	5.92E-05
0.546	5.94E-05
0.547	5.96E-05
0.548	5.98E-05
0.549	6.00E-05
0.55	6.02E-05
0.551	6.04E-05
0.552	6.06E-05
0.553	6.08E-05
0.554	6.10E-05
0.555	6.12E-05
0.556	6.14E-05
0.557	6.16E-05
0.558	6.18E-05
0.559	6.20E-05
0.56	6.22E-05
0.561	6.24E-05
0.562	6.26E-05
0.563	6.28E-05
0.564	6.30E-05
0.565	6.32E-05
0.566	6.35E-05
0.567	6.37E-05
0.568	6.39E-05
0.569	6.41E-05
0.57	6.43E-05
0.571	6.45E-05
0.572	6.47E-05
0.573	6.49E-05
0.574	6.51E-05
0.575	6.53E-05
0.576	6.56E-05
0.577	6.58E-05
0.578	6.60E-05
0.579	6.62E-05
0.58	6.64E-05
0.581	6.66E-05
0.582	6.69E-05
0.583	6.71E-05
0.584	6.73E-05
0.585	6.75E-05
0.586	6.77E-05
0.587	6.80E-05
0.588	6.82E-05
0.589	6.84E-05
0.59	6.86E-05
0.591	6.88E-05
0.592	6.91E-05
0.593	6.93E-05
0.594	6.95E-05
0.595	6.98E-05
0.596	7.00E-05
0.597	7.02E-05
0.598	7.04E-05
0.599	7.07E-05
0.6	7.09E-05
0.601	7.11E-05
0.602	7.14E-05
0.603	7.16E-05
0.604	7.18E-05
0.605	7.21E-05
0.606	7.23E-05
0.607	7.25E-05
0.608	7.28E-05
0.609	7.30E-05
0.61	7.33E-05
0.611	7.35E-05
0.612	7.37E-05
0.613	7.40E-05
0.614	7.42E-05
0.615	7.45E-05
0.616	7.47E-05
0.617	7.49E-05
0.618	7.52E-05
0.619	7.54E-05
0.62	7.57E-05
0.621	7.59E-05
0.622	7.62E-05
0.623	7.64E-05
0.624	7.67E-05
0.625	7.69E-05
0.626	7.72E-05
0.627	7.74E-05
0.628	7.77E-05
0.629	7.79E-05
0.63	7.82E-05
0.631	7.84E-05
0.632	7.87E-05
0.633	7.90E-05
0.634	7.92E-05
0.635	7.95E-05
0.636	7.97E-05
0.637	8.00E-05
0.638	8.03E-05
0.639	8.05E-05
0.64	8.08E-05
0.641	8.10E-05
0.642	8.13E-05
0.643	8.16E-05
0.644	8.18E-05
0.645	8.21E-05
0.646	8.24E-05
0.647	8.26E-05
0.648	8.29E-05
0.649	8.32E-05
0.65	8.35E-05
0.651	8.37E-05
0.652	8.40E-05
0.653	8.43E-05
0.654	8.46E-05
0.655	8.48E-05
0.656	8.51E-05
0.657	8.54E-05
0.658	8.57E-05
0.659	8.59E-05
0.66	8.62E-05
0.661	8.65E-05
0.662	8.68E-05
0.663	8.71E-05
0.664	8.74E-05
0.665	8.76E-05
0.666	8.79E-05
0.667	8.82E-05
0.668	8.85E-05
0.669	8.88E-05
0.67	8.91E-05
0.671	8.94E-05
0.672	8.97E-05
0.673	8.99E-05
0.674	9.02E-05
0.675	9.05E-05
0.676	9.08E-05
0.677	9.11E-05
0.678	9.14E-05
0.679	9.17E-05
0.68	9.20E-05
0.681	9.23E-05
0.682	9.26E-05
0.683	9.29E-05
0.684	9.32E-05
0.685	9.35E-05
0.686	9.38E-05
0.687	9.41E-05
0.688	9.45E-05
0.689	9.48E-05
0.69	9.51E-05
0.691	9.54E-05
0.692	9.57E-05
0.693	9.60E-05
0.694	9.63E-05
0.695	9.66E-05
0.696	9.69E-05
0.697	9.73E-05
0.698	9.76E-05
0.699	9.79E-05
0.7	9.82E-05
0.701	9.85E-05
0.702	9.89E-05
0.703	9.92E-05
0.704	9.95E-05
0.705	9.98E-05
0.706	1.00E-04
0.707	1.00E-04
0.708	1.01E-04
0.709	1.01E-04
0.71	1.01E-04
0.711	1.02E-04
0.712	1.02E-04
0.713	1.02E-04
0.714	1.03E-04
0.715	1.03E-04
0.716	1.03E-04
0.717	1.04E-04
0.718	1.04E-04
0.719	1.04E-04
0.72	1.05E-04
0.721	1.05E-04
0.722	1.06E-04
0.723	1.06E-04
0.724	1.06E-04
0.725	1.07E-04
0.726	1.07E-04
0.727	1.07E-04
0.728	1.08E-04
0.729	1.08E-04
0.73	1.08E-04
0.731	1.09E-04
0.732	1.09E-04
0.733	1.09E-04
0.734	1.10E-04
0.735	1.10E-04
0.736	1.10E-04
0.737	1.11E-04
0.738	1.11E-04
0.739	1.11E-04
0.74	1.12E-04
0.741	1.12E-04
0.742	1.13E-04
0.743	1.13E-04
0.744	1.13E-04
0.745	1.14E-04
0.746	1.14E-04
0.747	1.14E-04
0.748	1.15E-04
0.749	1.15E-04
0.75	1.16E-04
0.751	1.16E-04
0.752	1.16E-04
0.753	1.17E-04
0.754	1.17E-04
0.755	1.17E-04
0.756	1.18E-04
0.757	1.18E-04
0.758	1.19E-04
0.759	1.19E-04
0.76	1.19E-04
0.761	1.20E-04
0.762	1.20E-04
0.763	1.21E-04
0.764	1.21E-04
0.765	1.21E-04
0.766	1.22E-04
0.767	1.22E-04
0.768	1.23E-04
0.769	1.23E-04
0.77	1.23E-04
0.771	1.24E-04
0.772	1.24E-04
0.773	1.25E-04
0.774	1.25E-04
0.775	1.25E-04
0.776	1.26E-04
0.777	1.26E-04
0.778	1.27E-04
0.779	1.27E-04
0.78	1.27E-04
0.781	1.28E-04
0.782	1.28E-04
0.783	1.29E-04
0.784	1.29E-04
0.785	1.29E-04
0.786	1.30E-04
0.787	1.30E-04
0.788	1.31E-04
0.789	1.31E-04
0.79	1.32E-04
0.791	1.32E-04
0.792	1.32E-04
0.793	1.33E-04
0.794	1.33E-04
0.795	1.34E-04
0.796	1.34E-04
0.797	1.35E-04
0.798	1.35E-04
0.799	1.35E-04
0.8	1.36E-04
0.801	1.36E-04
0.802	1.37E-04
0.803	1.37E-04
0.804	1.38E-04
0.805	1.38E-04
0.806	1.39E-04
0.807	1.39E-04
0.808	1.39E-04
0.809	1.40E-04
0.81	1.40E-04
0.811	1.41E-04
0.812	1.41E-04
0.813	1.42E-04
0.814	1.42E-04
0.815	1.43E-04
0.816	1.43E-04
0.817	1.44E-04
0.818	1.44E-04
0.819	1.45E-04
0.82	1.45E-04
0.821	1.45E-04
0.822	1.46E-04
0.823	1.46E-04
0.824	1.47E-04
0.825	1.47E-04
0.826	1.48E-04
0.827	1.48E-04
0.828	1.49E-04
0.829	1.49E-04
0.83	1.50E-04
0.831	1.50E-04
0.832	1.51E-04
0.833	1.51E-04
0.834	1.52E-04
0.835	1.52E-04
0.836	1.53E-04
0.837	1.53E-04
0.838	1.54E-04
0.839	1.54E-04
0.84	1.55E-04
0.841	1.55E-04
0.842	1.56E-04
0.843	1.56E-04
0.844	1.57E-04
0.845	1.57E-04
0.846	1.58E-04
0.847	1.58E-04
0.848	1.59E-04
0.849	1.59E-04
0.85	1.60E-04
0.851	1.60E-04
0.852	1.61E-04
0.853	1.61E-04
0.854	1.62E-04
0.855	1.62E-04
0.856	1.63E-04
0.857	1.63E-04
0.858	1.64E-04
0.859	1.65E-04
0.86	1.65E-04
0.861	1.66E-04
0.862	1.66E-04
0.863	1.67E-04
0.864	1.67E-04
0.865	1.68E-04
0.866	1.68E-04
0.867	1.69E-04
0.868	1.69E-04
0.869	1.70E-04
0.87	1.70E-04
0.871	1.71E-04
0.872	1.72E-04
0.873	1.72E-04
0.874	1.73E-04
0.875	1.73E-04
0.876	1.74E-04
0.877	1.74E-04
0.878	1.75E-04
0.879	1.75E-04
0.88	1.76E-04
0.881	1.77E-04
0.882	1.77E-04
0.883	1.78E-04
0.884	1.78E-04
0.885	1.79E-04
0.886	1.80E-04
0.887	1.80E-04
0.888	1.81E-04
0.889	1.81E-04
0.89	1.82E-04
0.891	1.82E-04
0.892	1.83E-04
0.893	1.84E-04
0.894	1.84E-04
0.895	1.85E-04
0.896	1.85E-04
0.897	1.86E-04
0.898	1.87E-04
0.899	1.87E-04
0.9	1.88E-04
0.901	1.88E-04
0.902	1.89E-04
0.903	1.90E-04
0.904	1.90E-04
0.905	1.91E-04
0.906	1.91E-04
0.907	1.92E-04
0.908	1.93E-04
0.909	1.93E-04
0.91	1.94E-04
0.911	1.95E-04
0.912	1.95E-04
0.913	1.96E-04
0.914	1.96E-04
0.915	1.97E-04
0.916	1.98E-04
0.917	1.98E-04
0.918	1.99E-04
0.919	2.00E-04
0.92	2.00E-04
0.921	2.01E-04
0.922	2.02E-04
0.923	2.02E-04
0.924	2.03E-04
0.925	2.04E-04
0.926	2.04E-04
0.927	2.05E-04
0.928	2.06E-04
0.929	2.06E-04
0.93	2.07E-04
0.931	2.08E-04
0.932	2.08E-04
0.933	2.09E-04
0.934	2.10E-04
0.935	2.10E-04
0.936	2.11E-04
0.937	2.12E-04
0.938	2.12E-04
0.939	2.13E-04
0.94	2.14E-04
0.941	2.14E-04
0.942	2.15E-04
0.943	2.16E-04
0.944	2.16E-04
0.945	2.17E-04
0.946	2.18E-04
0.947	2.18E-04
0.948	2.19E-04
0.949	2.20E-04
0.95	2.21E-04
0.951	2.21E-04
0.952	2.22E-04
0.953	2.23E-04
0.954	2.23E-04
0.955	2.24E-04
0.956	2.25E-04
0.957	2.26E-04
0.958	2.26E-04
0.959	2.27E-04
0.96	2.28E-04
0.961	2.29E-04
0.962	2.29E-04
0.963	2.30E-04
0.964	2.31E-04
0.965	2.31E-04
0.966	2.32E-04
0.967	2.33E-04
0.968	2.34E-04
0.969	2.34E-04
0.97	2.35E-04
0.971	2.36E-04
0.972	2.37E-04
0.973	2.38E-04
0.974	2.38E-04
0.975	2.39E-04
0.976	2.40E-04
0.977	2.41E-04
0.978	2.41E-04
0.979	2.42E-04
0.98	2.43E-04
0.981	2.44E-04
0.982	2.44E-04
0.983	2.45E-04
0.984	2.46E-04
0.985	2.47E-04
0.986	2.48E-04
0.987	2.48E-04
0.988	2.49E-04
0.989	2.50E-04
0.99	2.51E-04
0.991	2.52E-04
0.992	2.52E-04
0.993	2.53E-04
0.994	2.54E-04
0.995	2.55E-04
0.996	2.56E-04
0.997	2.57E-04
0.998	2.57E-04
0.999	2.58E-04
1	2.59E-04
1.001	2.60E-04
1.002	2.61E-04
1.003	2.61E-04
1.004	2.62E-04
1.005	2.63E-04
1.006	2.64E-04
1.007	2.65E-04
1.008	2.66E-04
1.009	2.67E-04
1.01	2.67E-04
1.011	2.68E-04
1.012	2.69E-04
1.013	2.70E-04
1.014	2.71E-04
1.015	2.72E-04
1.016	2.73E-04
1.017	2.73E-04
1.018	2.74E-04
1.019	2.75E-04
1.02	2.76E-04
1.021	2.77E-04
1.022	2.78E-04
1.023	2.79E-04
1.024	2.80E-04
1.025	2.81E-04
1.026	2.81E-04
1.027	2.82E-04
1.028	2.83E-04
1.029	2.84E-04
1.03	2.85E-04
1.031	2.86E-04
1.032	2.87E-04
1.033	2.88E-04
1.034	2.89E-04
1.035	2.90E-04
1.036	2.91E-04
1.037	2.91E-04
1.038	2.92E-04
1.039	2.93E-04
1.04	2.94E-04
1.041	2.95E-04
1.042	2.96E-04
1.043	2.97E-04
1.044	2.98E-04
1.045	2.99E-04
1.046	3.00E-04
1.047	3.01E-04
1.048	3.02E-04
1.049	3.03E-04
1.05	3.04E-04
1.051	3.05E-04
1.052	3.06E-04
1.053	3.07E-04
1.054	3.08E-04
1.055	3.09E-04
1.056	3.10E-04
1.057	3.11E-04
1.058	3.12E-04
1.059	3.13E-04
1.06	3.14E-04
1.061	3.15E-04
1.062	3.16E-04
1.063	3.17E-04
1.064	3.18E-04
1.065	3.19E-04
1.066	3.20E-04
1.067	3.21E-04
1.068	3.22E-04
1.069	3.23E-04
1.07	3.24E-04
1.071	3.25E-04
1.072	3.26E-04
1.073	3.27E-04
1.074	3.28E-04
1.075	3.29E-04
1.076	3.30E-04
1.077	3.31E-04
1.078	3.32E-04
1.079	3.33E-04
1.08	3.34E-04
1.081	3.35E-04
1.082	3.36E-04
1.083	3.37E-04
1.084	3.39E-04
1.085	3.40E-04
1.086	3.41E-04
1.087	3.42E-04
1.088	3.43E-04
1.089	3.44E-04
1.09	3.45E-04
1.091	3.46E-04
1.092	3.47E-04
1.093	3.48E-04
1.094	3.49E-04
1.095	3.51E-04
1.096	3.52E-04
1.097	3.53E-04
1.098	3.54E-04
1.099	3.55E-04
1.1	3.56E-04
1.101	3.57E-04
1.102	3.58E-04
1.103	3.60E-04
1.104	3.61E-04
1.105	3.62E-04
1.106	3.63E-04
1.107	3.64E-04
1.108	3.65E-04
1.109	3.66E-04
1.11	3.68E-04
1.111	3.69E-04
1.112	3.70E-04
1.113	3.71E-04
1.114	3.72E-04
1.115	3.73E-04
1.116	3.75E-04
1.117	3.76E-04
1.118	3.77E-04
1.119	3.78E-04
1.12	3.79E-04
1.121	3.81E-04
1.122	3.82E-04
1.123	3.83E-04
1.124	3.84E-04
1.125	3.85E-04
1.126	3.87E-04
1.127	3.88E-04
1.128	3.89E-04
1.129	3.90E-04
1.13	3.92E-04
1.131	3.93E-04
1.132	3.94E-04
1.133	3.95E-04
1.134	3.97E-04
1.135	3.98E-04
1.136	3.99E-04
1.137	4.00E-04
1.138	4.02E-04
1.139	4.03E-04
1.14	4.04E-04
1.141	4.05E-04
1.142	4.07E-04
1.143	4.08E-04
1.144	4.09E-04
1.145	4.11E-04
1.146	4.12E-04
1.147	4.13E-04
1.148	4.14E-04
1.149	4.16E-04
1.15	4.17E-04
1.151	4.18E-04
1.152	4.20E-04
1.153	4.21E-04
1.154	4.22E-04
1.155	4.24E-04
1.156	4.25E-04
1.157	4.26E-04
1.158	4.28E-04
1.159	4.29E-04
1.16	4.30E-04
1.161	4.32E-04
1.162	4.33E-04
1.163	4.34E-04
1.164	4.36E-04
1.165	4.37E-04
1.166	4.39E-04
1.167	4.40E-04
1.168	4.41E-04
1.169	4.43E-04
1.17	4.44E-04
1.171	4.46E-04
1.172	4.47E-04
1.173	4.48E-04
1.174	4.50E-04
1.175	4.51E-04
1.176	4.53E-04
1.177	4.54E-04
1.178	4.55E-04
1.179	4.57E-04
1.18	4.58E-04
1.181	4.60E-04
1.182	4.61E-04
1.183	4.63E-04
1.184	4.64E-04
1.185	4.66E-04
1.186	4.67E-04
1.187	4.68E-04
1.188	4.70E-04
1.189	4.71E-04
1.19	4.73E-04
1.191	4.74E-04
1.192	4.76E-04
1.193	4.77E-04
1.194	4.79E-04
1.195	4.80E-04
1.196	4.82E-04
1.197	4.83E-04
1.198	4.85E-04
1.199	4.86E-04
1.2	4.88E-04
1.201	4.89E-04
1.202	4.91E-04
1.203	4.92E-04
1.204	4.94E-04
1.205	4.96E-04
1.206	4.97E-04
1.207	4.99E-04
1.208	5.00E-04
1.209	5.02E-04
1.21	5.03E-04
1.211	5.05E-04
1.212	5.07E-04
1.213	5.08E-04
1.214	5.10E-04
1.215	5.11E-04
1.216	5.13E-04
1.217	5.14E-04
1.218	5.16E-04
1.219	5.18E-04
1.22	5.19E-04
1.221	5.21E-04
1.222	5.23E-04
1.223	5.24E-04
1.224	5.26E-04
1.225	5.27E-04
1.226	5.29E-04
1.227	5.31E-04
1.228	5.32E-04
1.229	5.34E-04
1.23	5.36E-04
1.231	5.37E-04
1.232	5.39E-04
1.233	5.41E-04
1.234	5.42E-04
1.235	5.44E-04
1.236	5.46E-04
1.237	5.47E-04
1.238	5.49E-04
1.239	5.51E-04
1.24	5.53E-04
1.241	5.54E-04
1.242	5.56E-04
1.243	5.58E-04
1.244	5.59E-04
1.245	5.61E-04
1.246	5.63E-04
1.247	5.65E-04
1.248	5.66E-04
1.249	5.68E-04
1.25	5.70E-04
1.251	5.72E-04
1.252	5.74E-04
1.253	5.75E-04
1.254	5.77E-04
1.255	5.79E-04
1.256	5.81E-04
1.257	5.82E-04
1.258	5.84E-04
1.259	5.86E-04
1.26	5.88E-04
1.261	5.90E-04
1.262	5.92E-04
1.263	5.93E-04
1.264	5.95E-04
1.265	5.97E-04
1.266	5.99E-04
1.267	6.01E-04
1.268	6.03E-04
1.269	6.04E-04
1.27	6.06E-04
1.271	6.08E-04
1.272	6.10E-04
1.273	6.12E-04
1.274	6.14E-04
1.275	6.16E-04
1.276	6.18E-04
1.277	6.20E-04
1.278	6.21E-04
1.279	6.23E-04
1.28	6.25E-04
1.281	6.27E-04
1.282	6.29E-04
1.283	6.31E-04
1.284	6.33E-04
1.285	6.35E-04
1.286	6.37E-04
1.287	6.39E-04
1.288	6.41E-04
1.289	6.43E-04
1.29	6.45E-04
1.291	6.47E-04
1.292	6.49E-04
1.293	6.51E-04
1.294	6.53E-04
1.295	6.55E-04
1.296	6.57E-04
1.297	6.59E-04
1.298	6.61E-04
1.299	6.63E-04
1.3	6.65E-04
1.301	6.67E-04
1.302	6.69E-04
1.303	6.71E-04
1.304	6.73E-04
1.305	6.75E-04
1.306	6.77E-04
1.307	6.79E-04
1.308	6.81E-04
1.309	6.83E-04
1.31	6.86E-04
1.311	6.88E-04
1.312	6.90E-04
1.313	6.92E-04
1.314	6.94E-04
1.315	6.96E-04
1.316	6.98E-04
1.317	7.00E-04
1.318	7.02E-04
1.319	7.05E-04
1.32	7.07E-04
1.321	7.09E-04
1.322	7.11E-04
1.323	7.13E-04
1.324	7.15E-04
1.325	7.18E-04
1.326	7.20E-04
1.327	7.22E-04
1.328	7.24E-04
1.329	7.26E-04
1.33	7.29E-04
1.331	7.31E-04
1.332	7.33E-04
1.333	7.35E-04
1.334	7.38E-04
1.335	7.40E-04
1.336	7.42E-04
1.337	7.44E-04
1.338	7.47E-04
1.339	7.49E-04
1.34	7.51E-04
1.341	7.53E-04
1.342	7.56E-04
1.343	7.58E-04
1.344	7.60E-04
1.345	7.63E-04
1.346	7.65E-04
1.347	7.67E-04
1.348	7.70E-04
1.349	7.72E-04
1.35	7.74E-04
1.351	7.77E-04
1.352	7.79E-04
1.353	7.81E-04
1.354	7.84E-04
1.355	7.86E-04
1.356	7.88E-04
1.357	7.91E-04
1.358	7.93E-04
1.359	7.96E-04
1.36	7.98E-04
1.361	8.00E-04
1.362	8.03E-04
1.363	8.05E-04
1.364	8.08E-04
1.365	8.10E-04
1.366	8.13E-04
1.367	8.15E-04
1.368	8.17E-04
1.369	8.20E-04
1.37	8.22E-04
1.371	8.25E-04
1.372	8.27E-04
1.373	8.30E-04
1.374	8.32E-04
1.375	8.35E-04
1.376	8.37E-04
1.377	8.40E-04
1.378	8.42E-04
1.379	8.45E-04
1.38	8.47E-04
1.381	8.50E-04
1.382	8.53E-04
1.383	8.55E-04
1.384	8.58E-04
1.385	8.60E-04
1.386	8.63E-04
1.387	8.65E-04
1.388	8.68E-04
1.389	8.71E-04
1.39	8.73E-04
1.391	8.76E-04
1.392	8.78E-04
1.393	8.81E-04
1.394	8.84E-04
1.395	8.86E-04
1.396	8.89E-04
1.397	8.92E-04
1.398	8.94E-04
1.399	8.97E-04
1.4	9.00E-04
1.401	9.02E-04
1.402	9.05E-04
1.403	9.08E-04
1.404	9.10E-04
1.405	9.13E-04
1.406	9.16E-04
1.407	9.19E-04
1.408	9.21E-04
1.409	9.24E-04
1.41	9.27E-04
1.411	9.30E-04
1.412	9.32E-04
1.413	9.35E-04
1.414	9.38E-04
1.415	9.41E-04
1.416	9.43E-04
1.417	9.46E-04
1.418	9.49E-04
1.419	9.52E-04
1.42	9.55E-04
1.421	9.58E-04
1.422	9.60E-04
1.423	9.63E-04
1.424	9.66E-04
1.425	9.69E-04
1.426	9.72E-04
1.427	9.75E-04
1.428	9.78E-04
1.429	9.80E-04
1.43	9.83E-04
1.431	9.86E-04
1.432	9.89E-04
1.433	9.92E-04
1.434	9.95E-04
1.435	9.98E-04
1.436	1.00E-03
1.437	1.00E-03
1.438	1.01E-03
1.439	1.01E-03
1.44	1.01E-03
1.441	1.02E-03
1.442	1.02E-03
1.443	1.02E-03
1.444	1.02E-03
1.445	1.03E-03
1.446	1.03E-03
1.447	1.03E-03
1.448	1.04E-03
1.449	1.04E-03
1.45	1.04E-03
1.451	1.05E-03
1.452	1.05E-03
1.453	1.05E-03
1.454	1.06E-03
1.455	1.06E-03
1.456	1.06E-03
1.457	1.06E-03
1.458	1.07E-03
1.459	1.07E-03
1.46	1.07E-03
1.461	1.08E-03
1.462	1.08E-03
1.463	1.08E-03
1.464	1.09E-03
1.465	1.09E-03
1.466	1.09E-03
1.467	1.10E-03
1.468	1.10E-03
1.469	1.10E-03
1.47	1.11E-03
1.471	1.11E-03
1.472	1.11E-03
1.473	1.12E-03
1.474	1.12E-03
1.475	1.12E-03
1.476	1.13E-03
1.477	1.13E-03
1.478	1.13E-03
1.479	1.13E-03
1.48	1.14E-03
1.481	1.14E-03
1.482	1.14E-03
1.483	1.15E-03
1.484	1.15E-03
1.485	1.15E-03
1.486	1.16E-03
1.487	1.16E-03
1.488	1.16E-03
1.489	1.17E-03
1.49	1.17E-03
1.491	1.17E-03
1.492	1.18E-03
1.493	1.18E-03
1.494	1.19E-03
1.495	1.19E-03
1.496	1.19E-03
1.497	1.20E-03
1.498	1.20E-03
1.499	1.20E-03
1.5	1.21E-03
1.501	1.21E-03
1.502	1.21E-03
1.503	1.22E-03
1.504	1.22E-03
1.505	1.22E-03
1.506	1.23E-03
1.507	1.23E-03
1.508	1.23E-03
1.509	1.24E-03
1.51	1.24E-03
1.511	1.24E-03
1.512	1.25E-03
1.513	1.25E-03
1.514	1.25E-03
1.515	1.26E-03
1.516	1.26E-03
1.517	1.27E-03
1.518	1.27E-03
1.519	1.27E-03
1.52	1.28E-03
1.521	1.28E-03
1.522	1.28E-03
1.523	1.29E-03
1.524	1.29E-03
1.525	1.29E-03
1.526	1.30E-03
1.527	1.30E-03
1.528	1.31E-03
1.529	1.31E-03
1.53	1.31E-03
1.531	1.32E-03
1.532	1.32E-03
1.533	1.32E-03
1.534	1.33E-03
1.535	1.33E-03
1.536	1.34E-03
1.537	1.34E-03
1.538	1.34E-03
1.539	1.35E-03
1.54	1.35E-03
1.541	1.35E-03
1.542	1.36E-03
1.543	1.36E-03
1.544	1.37E-03
1.545	1.37E-03
1.546	1.37E-03
1.547	1.38E-03
1.548	1.38E-03
1.549	1.39E-03
1.55	1.39E-03
1.551	1.39E-03
1.552	1.40E-03
1.553	1.40E-03
1.554	1.40E-03
1.555	1.41E-03
1.556	1.41E-03
1.557	1.42E-03
1.558	1.42E-03
1.559	1.42E-03
1.56	1.43E-03
1.561	1.43E-03
1.562	1.44E-03
1.563	1.44E-03
1.564	1.44E-03
1.565	1.45E-03
1.566	1.45E-03
1.567	1.46E-03
1.568	1.46E-03
1.569	1.46E-03
1.57	1.47E-03
1.571	1.47E-03
1.572	1.48E-03
1.573	1.48E-03
1.574	1.49E-03
1.575	1.49E-03
1.576	1.49E-03
1.577	1.50E-03
1.578	1.50E-03
1.579	1.51E-03
1.58	1.51E-03
1.581	1.51E-03
1.582	1.52E-03
1.583	1.52E-03
1.584	1.53E-03
1.585	1.53E-03
1.586	1.54E-03
1.587	1.54E-03
1.588	1.54E-03
1.589	1.55E-03
1.59	1.55E-03
1.591	1.56E-03
1.592	1.56E-03
1.593	1.56E-03
1.594	1.57E-03
1.595	1.57E-03
1.596	1.58E-03
1.597	1.58E-03
1.598	1.59E-03
1.599	1.59E-03
1.6	1.59E-03
1.601	1.60E-03
1.602	1.60E-03
1.603	1.61E-03
1.604	1.61E-03
1.605	1.62E-03
1.606	1.62E-03
1.607	1.63E-03
1.608	1.63E-03
1.609	1.63E-03
1.61	1.64E-03
1.611	1.64E-03
1.612	1.65E-03
1.613	1.65E-03
1.614	1.66E-03
1.615	1.66E-03
1.616	1.67E-03
1.617	1.67E-03
1.618	1.67E-03
1.619	1.68E-03
1.62	1.68E-03
1.621	1.69E-03
1.622	1.69E-03
1.623	1.70E-03
1.624	1.70E-03
1.625	1.71E-03
1.626	1.71E-03
1.627	1.72E-03
1.628	1.72E-03
1.629	1.72E-03
1.63	1.73E-03
1.631	1.73E-03
1.632	1.74E-03
1.633	1.74E-03
1.634	1.75E-03
1.635	1.75E-03
1.636	1.76E-03
1.637	1.76E-03
1.638	1.77E-03
1.639	1.77E-03
1.64	1.78E-03
1.641	1.78E-03
1.642	1.79E-03
1.643	1.79E-03
1.644	1.79E-03
1.645	1.80E-03
1.646	1.80E-03
1.647	1.81E-03
1.648	1.81E-03
1.649	1.82E-03
1.65	1.82E-03
1.651	1.83E-03
1.652	1.83E-03
1.653	1.84E-03
1.654	1.84E-03
1.655	1.85E-03
1.656	1.85E-03
1.657	1.86E-03
1.658	1.86E-03
1.659	1.87E-03
1.66	1.87E-03
1.661	1.88E-03
1.662	1.88E-03
1.663	1.89E-03
1.664	1.89E-03
1.665	1.90E-03
1.666	1.90E-03
1.667	1.91E-03
1.668	1.91E-03
1.669	1.92E-03
1.67	1.92E-03
1.671	1.93E-03
1.672	1.93E-03
1.673	1.94E-03
1.674	1.94E-03
1.675	1.95E-03
1.676	1.95E-03
1.677	1.96E-03
1.678	1.96E-03
1.679	1.97E-03
1.68	1.97E-03
1.681	1.98E-03
1.682	1.98E-03
1.683	1.99E-03
1.684	1.99E-03
1.685	2.00E-03
1.686	2.00E-03
1.687	2.01E-03
1.688	2.01E-03
1.689	2.02E-03
1.69	2.02E-03
1.691	2.03E-03
1.692	2.03E-03
1.693	2.04E-03
1.694	2.04E-03
1.695	2.05E-03
1.696	2.05E-03
1.697	2.06E-03
1.698	2.06E-03
1.699	2.07E-03
1.7	2.07E-03
1.701	2.08E-03
1.702	2.08E-03
1.703	2.09E-03
1.704	2.10E-03
1.705	2.10E-03
1.706	2.11E-03
1.707	2.11E-03
1.708	2.12E-03
1.709	2.12E-03
1.71	2.13E-03
1.711	2.13E-03
1.712	2.14E-03
1.713	2.14E-03
1.714	2.15E-03
1.715	2.15E-03
1.716	2.16E-03
1.717	2.16E-03
1.718	2.17E-03
1.719	2.18E-03
1.72	2.18E-03
1.721	2.19E-03
1.722	2.19E-03
1.723	2.20E-03
1.724	2.20E-03
1.725	2.21E-03
1.726	2.21E-03
1.727	2.22E-03
1.728	2.22E-03
1.729	2.23E-03
1.73	2.24E-03
1.731	2.24E-03
1.732	2.25E-03
1.733	2.25E-03
1.734	2.26E-03
1.735	2.26E-03
1.736	2.27E-03
1.737	2.27E-03
1.738	2.28E-03
1.739	2.29E-03
1.74	2.29E-03
1.741	2.30E-03
1.742	2.30E-03
1.743	2.31E-03
1.744	2.31E-03
1.745	2.32E-03
1.746	2.32E-03
1.747	2.33E-03
1.748	2.34E-03
1.749	2.34E-03
1.75	2.35E-03
1.751	2.35E-03
1.752	2.36E-03
1.753	2.36E-03
1.754	2.37E-03
1.755	2.38E-03
1.756	2.38E-03
1.757	2.39E-03
1.758	2.39E-03
1.759	2.40E-03
1.76	2.40E-03
1.761	2.41E-03
1.762	2.42E-03
1.763	2.42E-03
1.764	2.43E-03
1.765	2.43E-03
1.766	2.44E-03
1.767	2.44E-03
1.768	2.45E-03
1.769	2.46E-03
1.77	2.46E-03
1.771	2.47E-03
1.772	2.47E-03
1.773	2.48E-03
1.774	2.48E-03
1.775	2.49E-03
1.776	2.50E-03
1.777	2.50E-03
1.778	2.51E-03
1.779	2.51E-03
1.78	2.52E-03
1.781	2.53E-03
1.782	2.53E-03
1.783	2.54E-03
1.784	2.54E-03
1.785	2.55E-03
1.786	2.56E-03
1.787	2.56E-03
1.788	2.57E-03
1.789	2.57E-03
1.79	2.58E-03
1.791	2.58E-03
1.792	2.59E-03
1.793	2.60E-03
1.794	2.60E-03
1.795	2.61E-03
1.796	2.61E-03
1.797	2.62E-03
1.798	2.63E-03
1.799	2.63E-03
1.8	2.64E-03
1.801	2.64E-03
1.802	2.65E-03
1.803	2.66E-03
1.804	2.66E-03
1.805	2.67E-03
1.806	2.67E-03
1.807	2.68E-03
1.808	2.69E-03
1.809	2.69E-03
1.81	2.70E-03
1.811	2.70E-03
1.812	2.71E-03
1.813	2.72E-03
1.814	2.72E-03
1.815	2.73E-03
1.816	2.74E-03
1.817	2.74E-03
1.818	2.75E-03
1.819	2.75E-03
1.82	2.76E-03
1.821	2.77E-03
1.822	2.77E-03
1.823	2.78E-03
1.824	2.78E-03
1.825	2.79E-03
1.826	2.80E-03
1.827	2.80E-03
1.828	2.81E-03
1.829	2.82E-03
1.83	2.82E-03
1.831	2.83E-03
1.832	2.83E-03
1.833	2.84E-03
1.834	2.85E-03
1.835	2.85E-03
1.836	2.86E-03
1.837	2.86E-03
1.838	2.87E-03
1.839	2.88E-03
1.84	2.88E-03
1.841	2.89E-03
1.842	2.90E-03
1.843	2.90E-03
1.844	2.91E-03
1.845	2.91E-03
1.846	2.92E-03
1.847	2.93E-03
1.848	2.93E-03
1.849	2.94E-03
1.85	2.95E-03
1.851	2.95E-03
1.852	2.96E-03
1.853	2.96E-03
1.854	2.97E-03
1.855	2.98E-03
1.856	2.98E-03
1.857	2.99E-03
1.858	3.00E-03
1.859	3.00E-03
1.86	3.01E-03
1.861	3.01E-03
1.862	3.02E-03
1.863	3.03E-03
1.864	3.03E-03
1.865	3.04E-03
1.866	3.05E-03
1.867	3.05E-03
1.868	3.06E-03
1.869	3.07E-03
1.87	3.07E-03
1.871	3.08E-03
1.872	3.08E-03
1.873	3.09E-03
1.874	3.10E-03
1.875	3.10E-03
1.876	3.11E-03
1.877	3.12E-03
1.878	3.12E-03
1.879	3.13E-03
1.88	3.14E-03
1.881	3.14E-03
1.882	3.15E-03
1.883	3.15E-03
1.884	3.16E-03
1.885	3.17E-03
1.886	3.17E-03
1.887	3.18E-03
1.888	3.19E-03
1.889	3.19E-03
1.89	3.20E-03
1.891	3.21E-03
1.892	3.21E-03
1.893	3.22E-03
1.894	3.22E-03
1.895	3.23E-03
1.896	3.24E-03
1.897	3.24E-03
1.898	3.25E-03
1.899	3.26E-03
1.9	3.26E-03
1.901	3.27E-03
1.902	3.28E-03
1.903	3.28E-03
1.904	3.29E-03
1.905	3.30E-03
1.906	3.30E-03
1.907	3.31E-03
1.908	3.31E-03
1.909	3.32E-03
1.91	3.33E-03
1.911	3.33E-03
1.912	3.34E-03
1.913	3.35E-03
1.914	3.35E-03
1.915	3.36E-03
1.916	3.37E-03
1.917	3.37E-03
1.918	3.38E-03
1.919	3.38E-03
1.92	3.39E-03
1.921	3.40E-03
1.922	3.40E-03
1.923	3.41E-03
1.924	3.42E-03
1.925	3.42E-03
1.926	3.43E-03
1.927	3.44E-03
1.928	3.44E-03
1.929	3.45E-03
1.93	3.46E-03
1.931	3.46E-03
1.932	3.47E-03
1.933	3.47E-03
1.934	3.48E-03
1.935	3.49E-03
1.936	3.49E-03
1.937	3.50E-03
1.938	3.51E-03
1.939	3.51E-03
1.94	3.52E-03
1.941	3.53E-03
1.942	3.53E-03
1.943	3.54E-03
1.944	3.54E-03
1.945	3.55E-03
1.946	3.56E-03
1.947	3.56E-03
1.948	3.57E-03
1.949	3.58E-03
1.95	3.58E-03
1.951	3.59E-03
1.952	3.60E-03
1.953	3.60E-03
1.954	3.61E-03
1.955	3.62E-03
1.956	3.62E-03
1.957	3.63E-03
1.958	3.63E-03
1.959	3.64E-03
1.96	3.65E-03
1.961	3.65E-03
1.962	3.66E-03
1.963	3.67E-03
1.964	3.67E-03
1.965	3.68E-03
1.966	3.68E-03
1.967	3.69E-03
1.968	3.70E-03
1.969	3.70E-03
1.97	3.71E-03
1.971	3.72E-03
1.972	3.72E-03
1.973	3.73E-03
1.974	3.74E-03
1.975	3.74E-03
1.976	3.75E-03
1.977	3.75E-03
1.978	3.76E-03
1.979	3.77E-03
1.98	3.77E-03
1.981	3.78E-03
1.982	3.79E-03
1.983	3.79E-03
1.984	3.80E-03
1.985	3.80E-03
1.986	3.81E-03
1.987	3.82E-03
1.988	3.82E-03
1.989	3.83E-03
1.99	3.84E-03
1.991	3.84E-03
1.992	3.85E-03
1.993	3.85E-03
1.994	3.86E-03
1.995	3.87E-03
1.996	3.87E-03
1.997	3.88E-03
1.998	3.89E-03
1.999	3.89E-03
2	3.90E-03
2.001	3.90E-03
2.002	3.91E-03
2.003	3.92E-03
2.004	3.92E-03
2.005	3.93E-03
2.006	3.93E-03
2.007	3.94E-03
2.008	3.95E-03
2.009	3.95E-03
2.01	3.96E-03
2.011	3.96E-03
2.012	3.97E-03
2.013	3.98E-03
2.014	3.98E-03
2.015	3.99E-03
2.016	4.00E-03
2.017	4.00E-03
2.018	4.01E-03
2.019	4.01E-03
2.02	4.02E-03
2.021	4.03E-03
2.022	4.03E-03
2.023	4.04E-03
2.024	4.04E-03
2.025	4.05E-03
2.026	4.06E-03
2.027	4.06E-03
2.028	4.07E-03
2.029	4.07E-03
2.03	4.08E-03
2.031	4.08E-03
2.032	4.09E-03
2.033	4.10E-03
2.034	4.10E-03
2.035	4.11E-03
2.036	4.11E-03
2.037	4.12E-03
2.038	4.13E-03
2.039	4.13E-03
2.04	4.14E-03
2.041	4.14E-03
2.042	4.15E-03
2.043	4.16E-03
2.044	4.16E-03
2.045	4.17E-03
2.046	4.17E-03
2.047	4.18E-03
2.048	4.18E-03
2.049	4.19E-03
2.05	4.20E-03
2.051	4.20E-03
2.052	4.21E-03
2.053	4.21E-03
2.054	4.22E-03
2.055	4.22E-03
2.056	4.23E-03
2.057	4.24E-03
2.058	4.24E-03
2.059	4.25E-03
2.06	4.25E-03
2.061	4.26E-03
2.062	4.26E-03
2.063	4.27E-03
2.064	4.27E-03
2.065	4.28E-03
2.066	4.29E-03
2.067	4.29E-03
2.068	4.30E-03
2.069	4.30E-03
2.07	4.31E-03
2.071	4.31E-03
2.072	4.32E-03
2.073	4.32E-03
2.074	4.33E-03
2.075	4.34E-03
2.076	4.34E-03
2.077	4.35E-03
2.078	4.35E-03
2.079	4.36E-03
2.08	4.36E-03
2.081	4.37E-03
2.082	4.37E-03
2.083	4.38E-03
2.084	4.38E-03
2.085	4.39E-03
2.086	4.39E-03
2.087	4.40E-03
2.088	4.40E-03
2.089	4.41E-03
2.09	4.41E-03
2.091	4.42E-03
2.092	4.43E-03
2.093	4.43E-03
2.094	4.44E-03
2.095	4.44E-03
2.096	4.45E-03
2.097	4.45E-03
2.098	4.46E-03
2.099	4.46E-03
2.1	4.47E-03
2.101	4.47E-03
2.102	4.48E-03
2.103	4.48E-03
2.104	4.49E-03
2.105	4.49E-03
2.106	4.50E-03
2.107	4.50E-03
2.108	4.51E-03
2.109	4.51E-03
2.11	4.52E-03
2.111	4.52E-03
2.112	4.53E-03
2.113	4.53E-03
2.114	4.54E-03
2.115	4.54E-03
2.116	4.55E-03
2.117	4.55E-03
2.118	4.55E-03
2.119	4.56E-03
2.12	4.56E-03
2.121	4.57E-03
2.122	4.57E-03
2.123	4.58E-03
2.124	4.58E-03
2.125	4.59E-03
2.126	4.59E-03
2.127	4.60E-03
2.128	4.60E-03
2.129	4.61E-03
2.13	4.61E-03
2.131	4.62E-03
2.132	4.62E-03
2.133	4.62E-03
2.134	4.63E-03
2.135	4.63E-03
2.136	4.64E-03
2.137	4.64E-03
2.138	4.65E-03
2.139	4.65E-03
2.14	4.66E-03
2.141	4.66E-03
2.142	4.66E-03
2.143	4.67E-03
2.144	4.67E-03
2.145	4.68E-03
2.146	4.68E-03
2.147	4.69E-03
2.148	4.69E-03
2.149	4.69E-03
2.15	4.70E-03
2.151	4.70E-03
2.152	4.71E-03
2.153	4.71E-03
2.154	4.71E-03
2.155	4.72E-03
2.156	4.72E-03
2.157	4.73E-03
2.158	4.73E-03
2.159	4.74E-03
2.16	4.74E-03
2.161	4.74E-03
2.162	4.75E-03
2.163	4.75E-03
2.164	4.75E-03
2.165	4.76E-03
2.166	4.76E-03
2.167	4.77E-03
2.168	4.77E-03
2.169	4.77E-03
2.17	4.78E-03
2.171	4.78E-03
2.172	4.79E-03
2.173	4.79E-03
2.174	4.79E-03
2.175	4.80E-03
2.176	4.80E-03
2.177	4.80E-03
2.178	4.81E-03
2.179	4.81E-03
2.18	4.81E-03
2.181	4.82E-03
2.182	4.82E-03
2.183	4.83E-03
2.184	4.83E-03
2.185	4.83E-03
2.186	4.84E-03
2.187	4.84E-03
2.188	4.84E-03
2.189	4.85E-03
2.19	4.85E-03
2.191	4.85E-03
2.192	4.86E-03
2.193	4.86E-03
2.194	4.86E-03
2.195	4.87E-03
2.196	4.87E-03
2.197	4.87E-03
2.198	4.87E-03
2.199	4.88E-03
2.2	4.88E-03
2.201	4.88E-03
2.202	4.89E-03
2.203	4.89E-03
2.204	4.89E-03
2.205	4.90E-03
2.206	4.90E-03
2.207	4.90E-03
2.208	4.91E-03
2.209	4.91E-03
2.21	4.91E-03
2.211	4.91E-03
2.212	4.92E-03
2.213	4.92E-03
2.214	4.92E-03
2.215	4.92E-03
2.216	4.93E-03
2.217	4.93E-03
2.218	4.93E-03
2.219	4.94E-03
2.22	4.94E-03
2.221	4.94E-03
2.222	4.94E-03
2.223	4.95E-03
2.224	4.95E-03
2.225	4.95E-03
2.226	4.95E-03
2.227	4.96E-03
2.228	4.96E-03
2.229	4.96E-03
2.23	4.96E-03
2.231	4.97E-03
2.232	4.97E-03
2.233	4.97E-03
2.234	4.97E-03
2.235	4.97E-03
2.236	4.98E-03
2.237	4.98E-03
2.238	4.98E-03
2.239	4.98E-03
2.24	4.99E-03
2.241	4.99E-03
2.242	4.99E-03
2.243	4.99E-03
2.244	4.99E-03
2.245	5.00E-03
2.246	5.00E-03
2.247	5.00E-03
2.248	5.00E-03
2.249	5.00E-03
2.25	5.01E-03
2.251	5.01E-03
2.252	5.01E-03
2.253	5.01E-03
2.254	5.01E-03
2.255	5.01E-03
2.256	5.02E-03
2.257	5.02E-03
2.258	5.02E-03
2.259	5.02E-03
2.26	5.02E-03
2.261	5.02E-03
2.262	5.03E-03
2.263	5.03E-03
2.264	5.03E-03
2.265	5.03E-03
2.266	5.03E-03
2.267	5.03E-03
2.268	5.03E-03
2.269	5.04E-03
2.27	5.04E-03
2.271	5.04E-03
2.272	5.04E-03
2.273	5.04E-03
2.274	5.04E-03
2.275	5.04E-03
2.276	5.04E-03
2.277	5.05E-03
2.278	5.05E-03
2.279	5.05E-03
2.28	5.05E-03
2.281	5.05E-03
2.282	5.05E-03
2.283	5.05E-03
2.284	5.05E-03
2.285	5.05E-03
2.286	5.06E-03
2.287	5.06E-03
2.288	5.06E-03
2.289	5.06E-03
2.29	5.06E-03
2.291	5.06E-03
2.292	5.06E-03
2.293	5.06E-03
2.294	5.06E-03
2.295	5.06E-03
2.296	5.06E-03
2.297	5.06E-03
2.298	5.06E-03
2.299	5.06E-03
2.3	5.07E-03
2.301	5.07E-03
2.302	5.07E-03
2.303	5.07E-03
2.304	5.07E-03
2.305	5.07E-03
2.306	5.07E-03
2.307	5.07E-03
2.308	5.07E-03
2.309	5.07E-03
2.31	5.07E-03
2.311	5.07E-03
2.312	5.07E-03
2.313	5.07E-03
2.314	5.07E-03
2.315	5.07E-03
2.316	5.07E-03
2.317	5.07E-03
2.318	5.07E-03
2.319	5.07E-03
2.32	5.07E-03
2.321	5.07E-03
2.322	5.07E-03
2.323	5.07E-03
2.324	5.07E-03
2.325	5.07E-03
2.326	5.07E-03
2.327	5.07E-03
2.328	5.07E-03
2.329	5.07E-03
2.33	5.07E-03
2.331	5.07E-03
2.332	5.07E-03
2.333	5.07E-03
2.334	5.07E-03
2.335	5.07E-03
2.336	5.07E-03
2.337	5.07E-03
2.338	5.06E-03
2.339	5.06E-03
2.34	5.06E-03
2.341	5.06E-03
2.342	5.06E-03
2.343	5.06E-03
2.344	5.06E-03
2.345	5.06E-03
2.346	5.06E-03
2.347	5.06E-03
2.348	5.06E-03
2.349	5.06E-03
2.35	5.06E-03
2.351	5.06E-03
2.352	5.05E-03
2.353	5.05E-03
2.354	5.05E-03
2.355	5.05E-03
2.356	5.05E-03
2.357	5.05E-03
2.358	5.05E-03
2.359	5.05E-03
2.36	5.05E-03
2.361	5.04E-03
2.362	5.04E-03
2.363	5.04E-03
2.364	5.04E-03
2.365	5.04E-03
2.366	5.04E-03
2.367	5.04E-03
2.368	5.04E-03
2.369	5.03E-03
2.37	5.03E-03
2.371	5.03E-03
2.372	5.03E-03
2.373	5.03E-03
2.374	5.03E-03
2.375	5.03E-03
2.376	5.02E-03
2.377	5.02E-03
2.378	5.02E-03
2.379	5.02E-03
2.38	5.02E-03
2.381	5.02E-03
2.382	5.01E-03
2.383	5.01E-03
2.384	5.01E-03
2.385	5.01E-03
2.386	5.01E-03
2.387	5.01E-03
2.388	5.00E-03
2.389	5.00E-03
2.39	5.00E-03
2.391	5.00E-03
2.392	5.00E-03
2.393	4.99E-03
2.394	4.99E-03
2.395	4.99E-03
2.396	4.99E-03
2.397	4.99E-03
2.398	4.98E-03
2.399	4.98E-03
2.4	4.98E-03
2.401	4.98E-03
2.402	4.97E-03
2.403	4.97E-03
2.404	4.97E-03
2.405	4.97E-03
2.406	4.97E-03
2.407	4.96E-03
2.408	4.96E-03
2.409	4.96E-03
2.41	4.96E-03
2.411	4.95E-03
2.412	4.95E-03
2.413	4.95E-03
2.414	4.95E-03
2.415	4.94E-03
2.416	4.94E-03
2.417	4.94E-03
2.418	4.94E-03
2.419	4.93E-03
2.42	4.93E-03
2.421	4.93E-03
2.422	4.92E-03
2.423	4.92E-03
2.424	4.92E-03
2.425	4.92E-03
2.426	4.91E-03
2.427	4.91E-03
2.428	4.91E-03
2.429	4.91E-03
2.43	4.90E-03
2.431	4.90E-03
2.432	4.90E-03
2.433	4.89E-03
2.434	4.89E-03
2.435	4.89E-03
2.436	4.88E-03
2.437	4.88E-03
2.438	4.88E-03
2.439	4.87E-03
2.44	4.87E-03
2.441	4.87E-03
2.442	4.87E-03
2.443	4.86E-03
2.444	4.86E-03
2.445	4.86E-03
2.446	4.85E-03
2.447	4.85E-03
2.448	4.85E-03
2.449	4.84E-03
2.45	4.84E-03
2.451	4.84E-03
2.452	4.83E-03
2.453	4.83E-03
2.454	4.83E-03
2.455	4.82E-03
2.456	4.82E-03
2.457	4.81E-03
2.458	4.81E-03
2.459	4.81E-03
2.46	4.80E-03
2.461	4.80E-03
2.462	4.80E-03
2.463	4.79E-03
2.464	4.79E-03
2.465	4.79E-03
2.466	4.78E-03
2.467	4.78E-03
2.468	4.77E-03
2.469	4.77E-03
2.47	4.77E-03
2.471	4.76E-03
2.472	4.76E-03
2.473	4.75E-03
2.474	4.75E-03
2.475	4.75E-03
2.476	4.74E-03
2.477	4.74E-03
2.478	4.74E-03
2.479	4.73E-03
2.48	4.73E-03
2.481	4.72E-03
2.482	4.72E-03
2.483	4.71E-03
2.484	4.71E-03
2.485	4.71E-03
2.486	4.70E-03
2.487	4.70E-03
2.488	4.69E-03
2.489	4.69E-03
2.49	4.69E-03
2.491	4.68E-03
2.492	4.68E-03
2.493	4.67E-03
2.494	4.67E-03
2.495	4.66E-03
2.496	4.66E-03
2.497	4.66E-03
2.498	4.65E-03
2.499	4.65E-03
2.5	4.64E-03
2.501	4.64E-03
2.502	4.63E-03
2.503	4.63E-03
2.504	4.62E-03
2.505	4.62E-03
2.506	4.62E-03
2.507	4.61E-03
2.508	4.61E-03
2.509	4.60E-03
2.51	4.60E-03
2.511	4.59E-03
2.512	4.59E-03
2.513	4.58E-03
2.514	4.58E-03
2.515	4.57E-03
2.516	4.57E-03
2.517	4.56E-03
2.518	4.56E-03
2.519	4.55E-03
2.52	4.55E-03
2.521	4.55E-03
2.522	4.54E-03
2.523	4.54E-03
2.524	4.53E-03
2.525	4.53E-03
2.526	4.52E-03
2.527	4.52E-03
2.528	4.51E-03
2.529	4.51E-03
2.53	4.50E-03
2.531	4.50E-03
2.532	4.49E-03
2.533	4.49E-03
2.534	4.48E-03
2.535	4.48E-03
2.536	4.47E-03
2.537	4.47E-03
2.538	4.46E-03
2.539	4.46E-03
2.54	4.45E-03
2.541	4.45E-03
2.542	4.44E-03
2.543	4.44E-03
2.544	4.43E-03
2.545	4.43E-03
2.546	4.42E-03
2.547	4.41E-03
2.548	4.41E-03
2.549	4.40E-03
2.55	4.40E-03
2.551	4.39E-03
2.552	4.39E-03
2.553	4.38E-03
2.554	4.38E-03
2.555	4.37E-03
2.556	4.37E-03
2.557	4.36E-03
2.558	4.36E-03
2.559	4.35E-03
2.56	4.35E-03
2.561	4.34E-03
2.562	4.34E-03
2.563	4.33E-03
2.564	4.32E-03
2.565	4.32E-03
2.566	4.31E-03
2.567	4.31E-03
2.568	4.30E-03
2.569	4.30E-03
2.57	4.29E-03
2.571	4.29E-03
2.572	4.28E-03
2.573	4.27E-03
2.574	4.27E-03
2.575	4.26E-03
2.576	4.26E-03
2.577	4.25E-03
2.578	4.25E-03
2.579	4.24E-03
2.58	4.24E-03
2.581	4.23E-03
2.582	4.22E-03
2.583	4.22E-03
2.584	4.21E-03
2.585	4.21E-03
2.586	4.20E-03
2.587	4.20E-03
2.588	4.19E-03
2.589	4.18E-03
2.59	4.18E-03
2.591	4.17E-03
2.592	4.17E-03
2.593	4.16E-03
2.594	4.16E-03
2.595	4.15E-03
2.596	4.14E-03
2.597	4.14E-03
2.598	4.13E-03
2.599	4.13E-03
2.6	4.12E-03
2.601	4.11E-03
2.602	4.11E-03
2.603	4.10E-03
2.604	4.10E-03
2.605	4.09E-03
2.606	4.08E-03
2.607	4.08E-03
2.608	4.07E-03
2.609	4.07E-03
2.61	4.06E-03
2.611	4.06E-03
2.612	4.05E-03
2.613	4.04E-03
2.614	4.04E-03
2.615	4.03E-03
2.616	4.03E-03
2.617	4.02E-03
2.618	4.01E-03
2.619	4.01E-03
2.62	4.00E-03
2.621	4.00E-03
2.622	3.99E-03
2.623	3.98E-03
2.624	3.98E-03
2.625	3.97E-03
2.626	3.96E-03
2.627	3.96E-03
2.628	3.95E-03
2.629	3.95E-03
2.63	3.94E-03
2.631	3.93E-03
2.632	3.93E-03
2.633	3.92E-03
2.634	3.92E-03
2.635	3.91E-03
2.636	3.90E-03
2.637	3.90E-03
2.638	3.89E-03
2.639	3.89E-03
2.64	3.88E-03
2.641	3.87E-03
2.642	3.87E-03
2.643	3.86E-03
2.644	3.85E-03
2.645	3.85E-03
2.646	3.84E-03
2.647	3.84E-03
2.648	3.83E-03
2.649	3.82E-03
2.65	3.82E-03
2.651	3.81E-03
2.652	3.80E-03
2.653	3.80E-03
2.654	3.79E-03
2.655	3.79E-03
2.656	3.78E-03
2.657	3.77E-03
2.658	3.77E-03
2.659	3.76E-03
2.66	3.75E-03
2.661	3.75E-03
2.662	3.74E-03
2.663	3.74E-03
2.664	3.73E-03
2.665	3.72E-03
2.666	3.72E-03
2.667	3.71E-03
2.668	3.70E-03
2.669	3.70E-03
2.67	3.69E-03
2.671	3.68E-03
2.672	3.68E-03
2.673	3.67E-03
2.674	3.67E-03
2.675	3.66E-03
2.676	3.65E-03
2.677	3.65E-03
2.678	3.64E-03
2.679	3.63E-03
2.68	3.63E-03
2.681	3.62E-03
2.682	3.62E-03
2.683	3.61E-03
2.684	3.60E-03
2.685	3.60E-03
2.686	3.59E-03
2.687	3.58E-03
2.688	3.58E-03
2.689	3.57E-03
2.69	3.56E-03
2.691	3.56E-03
2.692	3.55E-03
2.693	3.54E-03
2.694	3.54E-03
2.695	3.53E-03
2.696	3.53E-03
2.697	3.52E-03
2.698	3.51E-03
2.699	3.51E-03
2.7	3.50E-03
2.701	3.49E-03
2.702	3.49E-03
2.703	3.48E-03
2.704	3.47E-03
2.705	3.47E-03
2.706	3.46E-03
2.707	3.46E-03
2.708	3.45E-03
2.709	3.44E-03
2.71	3.44E-03
2.711	3.43E-03
2.712	3.42E-03
2.713	3.42E-03
2.714	3.41E-03
2.715	3.40E-03
2.716	3.40E-03
2.717	3.39E-03
2.718	3.38E-03
2.719	3.38E-03
2.72	3.37E-03
2.721	3.37E-03
2.722	3.36E-03
2.723	3.35E-03
2.724	3.35E-03
2.725	3.34E-03
2.726	3.33E-03
2.727	3.33E-03
2.728	3.32E-03
2.729	3.31E-03
2.73	3.31E-03
2.731	3.30E-03
2.732	3.30E-03
2.733	3.29E-03
2.734	3.28E-03
2.735	3.28E-03
2.736	3.27E-03
2.737	3.26E-03
2.738	3.26E-03
2.739	3.25E-03
2.74	3.24E-03
2.741	3.24E-03
2.742	3.23E-03
2.743	3.22E-03
2.744	3.22E-03
2.745	3.21E-03
2.746	3.21E-03
2.747	3.20E-03
2.748	3.19E-03
2.749	3.19E-03
2.75	3.18E-03
2.751	3.17E-03
2.752	3.17E-03
2.753	3.16E-03
2.754	3.15E-03
2.755	3.15E-03
2.756	3.14E-03
2.757	3.14E-03
2.758	3.13E-03
2.759	3.12E-03
2.76	3.12E-03
2.761	3.11E-03
2.762	3.10E-03
2.763	3.10E-03
2.764	3.09E-03
2.765	3.08E-03
2.766	3.08E-03
2.767	3.07E-03
2.768	3.07E-03
2.769	3.06E-03
2.77	3.05E-03
2.771	3.05E-03
2.772	3.04E-03
2.773	3.03E-03
2.774	3.03E-03
2.775	3.02E-03
2.776	3.01E-03
2.777	3.01E-03
2.778	3.00E-03
2.779	3.00E-03
2.78	2.99E-03
2.781	2.98E-03
2.782	2.98E-03
2.783	2.97E-03
2.784	2.96E-03
2.785	2.96E-03
2.786	2.95E-03
2.787	2.95E-03
2.788	2.94E-03
2.789	2.93E-03
2.79	2.93E-03
2.791	2.92E-03
2.792	2.91E-03
2.793	2.91E-03
2.794	2.90E-03
2.795	2.90E-03
2.796	2.89E-03
2.797	2.88E-03
2.798	2.88E-03
2.799	2.87E-03
2.8	2.86E-03
2.801	2.86E-03
2.802	2.85E-03
2.803	2.85E-03
2.804	2.84E-03
2.805	2.83E-03
2.806	2.83E-03
2.807	2.82E-03
2.808	2.82E-03
2.809	2.81E-03
2.81	2.80E-03
2.811	2.80E-03
2.812	2.79E-03
2.813	2.78E-03
2.814	2.78E-03
2.815	2.77E-03
2.816	2.77E-03
2.817	2.76E-03
2.818	2.75E-03
2.819	2.75E-03
2.82	2.74E-03
2.821	2.74E-03
2.822	2.73E-03
2.823	2.72E-03
2.824	2.72E-03
2.825	2.71E-03
2.826	2.70E-03
2.827	2.70E-03
2.828	2.69E-03
2.829	2.69E-03
2.83	2.68E-03
2.831	2.67E-03
2.832	2.67E-03
2.833	2.66E-03
2.834	2.66E-03
2.835	2.65E-03
2.836	2.64E-03
2.837	2.64E-03
2.838	2.63E-03
2.839	2.63E-03
2.84	2.62E-03
2.841	2.61E-03
2.842	2.61E-03
2.843	2.60E-03
2.844	2.60E-03
2.845	2.59E-03
2.846	2.58E-03
2.847	2.58E-03
2.848	2.57E-03
2.849	2.57E-03
2.85	2.56E-03
2.851	2.56E-03
2.852	2.55E-03
2.853	2.54E-03
2.854	2.54E-03
2.855	2.53E-03
2.856	2.53E-03
2.857	2.52E-03
2.858	2.51E-03
2.859	2.51E-03
2.86	2.50E-03
2.861	2.50E-03
2.862	2.49E-03
2.863	2.48E-03
2.864	2.48E-03
2.865	2.47E-03
2.866	2.47E-03
2.867	2.46E-03
2.868	2.46E-03
2.869	2.45E-03
2.87	2.44E-03
2.871	2.44E-03
2.872	2.43E-03
2.873	2.43E-03
2.874	2.42E-03
2.875	2.42E-03
2.876	2.41E-03
2.877	2.40E-03
2.878	2.40E-03
2.879	2.39E-03
2.88	2.39E-03
2.881	2.38E-03
2.882	2.38E-03
2.883	2.37E-03
2.884	2.36E-03
2.885	2.36E-03
2.886	2.35E-03
2.887	2.35E-03
2.888	2.34E-03
2.889	2.34E-03
2.89	2.33E-03
2.891	2.32E-03
2.892	2.32E-03
2.893	2.31E-03
2.894	2.31E-03
2.895	2.30E-03
2.896	2.30E-03
2.897	2.29E-03
2.898	2.29E-03
2.899	2.28E-03
2.9	2.27E-03
2.901	2.27E-03
2.902	2.26E-03
2.903	2.26E-03
2.904	2.25E-03
2.905	2.25E-03
2.906	2.24E-03
2.907	2.24E-03
2.908	2.23E-03
2.909	2.22E-03
2.91	2.22E-03
2.911	2.21E-03
2.912	2.21E-03
2.913	2.20E-03
2.914	2.20E-03
2.915	2.19E-03
2.916	2.19E-03
2.917	2.18E-03
2.918	2.18E-03
2.919	2.17E-03
2.92	2.16E-03
2.921	2.16E-03
2.922	2.15E-03
2.923	2.15E-03
2.924	2.14E-03
2.925	2.14E-03
2.926	2.13E-03
2.927	2.13E-03
2.928	2.12E-03
2.929	2.12E-03
2.93	2.11E-03
2.931	2.11E-03
2.932	2.10E-03
2.933	2.10E-03
2.934	2.09E-03
2.935	2.08E-03
2.936	2.08E-03
2.937	2.07E-03
2.938	2.07E-03
2.939	2.06E-03
2.94	2.06E-03
2.941	2.05E-03
2.942	2.05E-03
2.943	2.04E-03
2.944	2.04E-03
2.945	2.03E-03
2.946	2.03E-03
2.947	2.02E-03
2.948	2.02E-03
2.949	2.01E-03
2.95	2.01E-03
2.951	2.00E-03
2.952	2.00E-03
2.953	1.99E-03
2.954	1.99E-03
2.955	1.98E-03
2.956	1.98E-03
2.957	1.97E-03
2.958	1.97E-03
2.959	1.96E-03
2.96	1.96E-03
2.961	1.95E-03
2.962	1.95E-03
2.963	1.94E-03
2.964	1.94E-03
2.965	1.93E-03
2.966	1.93E-03
2.967	1.92E-03
2.968	1.92E-03
2.969	1.91E-03
2.97	1.91E-03
2.971	1.90E-03
2.972	1.90E-03
2.973	1.89E-03
2.974	1.89E-03
2.975	1.88E-03
2.976	1.88E-03
2.977	1.87E-03
2.978	1.87E-03
2.979	1.86E-03
2.98	1.86E-03
2.981	1.85E-03
2.982	1.85E-03
2.983	1.84E-03
2.984	1.84E-03
2.985	1.83E-03
2.986	1.83E-03
2.987	1.82E-03
2.988	1.82E-03
2.989	1.81E-03
2.99	1.81E-03
2.991	1.80E-03
2.992	1.80E-03
2.993	1.79E-03
2.994	1.79E-03
2.995	1.79E-03
2.996	1.78E-03
2.997	1.78E-03
2.998	1.77E-03
2.999	1.77E-03
3	1.76E-03
3.001	1.76E-03
3.002	1.75E-03
3.003	1.75E-03
3.004	1.74E-03
3.005	1.74E-03
3.006	1.73E-03
3.007	1.73E-03
3.008	1.72E-03
3.009	1.72E-03
3.01	1.72E-03
3.011	1.71E-03
3.012	1.71E-03
3.013	1.70E-03
3.014	1.70E-03
3.015	1.69E-03
3.016	1.69E-03
3.017	1.68E-03
3.018	1.68E-03
3.019	1.67E-03
3.02	1.67E-03
3.021	1.67E-03
3.022	1.66E-03
3.023	1.66E-03
3.024	1.65E-03
3.025	1.65E-03
3.026	1.64E-03
3.027	1.64E-03
3.028	1.63E-03
3.029	1.63E-03
3.03	1.63E-03
3.031	1.62E-03
3.032	1.62E-03
3.033	1.61E-03
3.034	1.61E-03
3.035	1.60E-03
3.036	1.60E-03
3.037	1.59E-03
3.038	1.59E-03
3.039	1.59E-03
3.04	1.58E-03
3.041	1.58E-03
3.042	1.57E-03
3.043	1.57E-03
3.044	1.56E-03
3.045	1.56E-03
3.046	1.56E-03
3.047	1.55E-03
3.048	1.55E-03
3.049	1.54E-03
3.05	1.54E-03
3.051	1.54E-03
3.052	1.53E-03
3.053	1.53E-03
3.054	1.52E-03
3.055	1.52E-03
3.056	1.51E-03
3.057	1.51E-03
3.058	1.51E-03
3.059	1.50E-03
3.06	1.50E-03
3.061	1.49E-03
3.062	1.49E-03
3.063	1.49E-03
3.064	1.48E-03
3.065	1.48E-03
3.066	1.47E-03
3.067	1.47E-03
3.068	1.46E-03
3.069	1.46E-03
3.07	1.46E-03
3.071	1.45E-03
3.072	1.45E-03
3.073	1.44E-03
3.074	1.44E-03
3.075	1.44E-03
3.076	1.43E-03
3.077	1.43E-03
3.078	1.42E-03
3.079	1.42E-03
3.08	1.42E-03
3.081	1.41E-03
3.082	1.41E-03
3.083	1.40E-03
3.084	1.40E-03
3.085	1.40E-03
3.086	1.39E-03
3.087	1.39E-03
3.088	1.39E-03
3.089	1.38E-03
3.09	1.38E-03
3.091	1.37E-03
3.092	1.37E-03
3.093	1.37E-03
3.094	1.36E-03
3.095	1.36E-03
3.096	1.35E-03
3.097	1.35E-03
3.098	1.35E-03
3.099	1.34E-03
3.1	1.34E-03
3.101	1.34E-03
3.102	1.33E-03
3.103	1.33E-03
3.104	1.32E-03
3.105	1.32E-03
3.106	1.32E-03
3.107	1.31E-03
3.108	1.31E-03
3.109	1.31E-03
3.11	1.30E-03
3.111	1.30E-03
3.112	1.29E-03
3.113	1.29E-03
3.114	1.29E-03
3.115	1.28E-03
3.116	1.28E-03
3.117	1.28E-03
3.118	1.27E-03
3.119	1.27E-03
3.12	1.27E-03
3.121	1.26E-03
3.122	1.26E-03
3.123	1.25E-03
3.124	1.25E-03
3.125	1.25E-03
3.126	1.24E-03
3.127	1.24E-03
3.128	1.24E-03
3.129	1.23E-03
3.13	1.23E-03
3.131	1.23E-03
3.132	1.22E-03
3.133	1.22E-03
3.134	1.22E-03
3.135	1.21E-03
3.136	1.21E-03
3.137	1.21E-03
3.138	1.20E-03
3.139	1.20E-03
3.14	1.20E-03
3.141	1.19E-03
3.142	1.19E-03
3.143	1.19E-03
3.144	1.18E-03
3.145	1.18E-03
3.146	1.17E-03
3.147	1.17E-03
3.148	1.17E-03
3.149	1.16E-03
3.15	1.16E-03
3.151	1.16E-03
3.152	1.15E-03
3.153	1.15E-03
3.154	1.15E-03
3.155	1.14E-03
3.156	1.14E-03
3.157	1.14E-03
3.158	1.13E-03
3.159	1.13E-03
3.16	1.13E-03
3.161	1.13E-03
3.162	1.12E-03
3.163	1.12E-03
3.164	1.12E-03
3.165	1.11E-03
3.166	1.11E-03
3.167	1.11E-03
3.168	1.10E-03
3.169	1.10E-03
3.17	1.10E-03
3.171	1.09E-03
3.172	1.09E-03
3.173	1.09E-03
3.174	1.08E-03
3.175	1.08E-03
3.176	1.08E-03
3.177	1.07E-03
3.178	1.07E-03
3.179	1.07E-03
3.18	1.06E-03
3.181	1.06E-03
3.182	1.06E-03
3.183	1.06E-03
3.184	1.05E-03
3.185	1.05E-03
3.186	1.05E-03
3.187	1.04E-03
3.188	1.04E-03
3.189	1.04E-03
3.19	1.03E-03
3.191	1.03E-03
3.192	1.03E-03
3.193	1.02E-03
3.194	1.02E-03
3.195	1.02E-03
3.196	1.02E-03
3.197	1.01E-03
3.198	1.01E-03
3.199	1.01E-03
3.2	1.00E-03
3.201	1.00E-03
3.202	9.98E-04
3.203	9.95E-04
3.204	9.92E-04
3.205	9.89E-04
3.206	9.86E-04
3.207	9.83E-04
3.208	9.80E-04
3.209	9.78E-04
3.21	9.75E-04
3.211	9.72E-04
3.212	9.69E-04
3.213	9.66E-04
3.214	9.63E-04
3.215	9.60E-04
3.216	9.58E-04
3.217	9.55E-04
3.218	9.52E-04
3.219	9.49E-04
3.22	9.46E-04
3.221	9.43E-04
3.222	9.41E-04
3.223	9.38E-04
3.224	9.35E-04
3.225	9.32E-04
3.226	9.30E-04
3.227	9.27E-04
3.228	9.24E-04
3.229	9.21E-04
3.23	9.19E-04
3.231	9.16E-04
3.232	9.13E-04
3.233	9.10E-04
3.234	9.08E-04
3.235	9.05E-04
3.236	9.02E-04
3.237	9.00E-04
3.238	8.97E-04
3.239	8.94E-04
3.24	8.92E-04
3.241	8.89E-04
3.242	8.86E-04
3.243	8.84E-04
3.244	8.81E-04
3.245	8.78E-04
3.246	8.76E-04
3.247	8.73E-04
3.248	8.71E-04
3.249	8.68E-04
3.25	8.65E-04
3.251	8.63E-04
3.252	8.60E-04
3.253	8.58E-04
3.254	8.55E-04
3.255	8.53E-04
3.256	8.50E-04
3.257	8.47E-04
3.258	8.45E-04
3.259	8.42E-04
3.26	8.40E-04
3.261	8.37E-04
3.262	8.35E-04
3.263	8.32E-04
3.264	8.30E-04
3.265	8.27E-04
3.266	8.25E-04
3.267	8.22E-04
3.268	8.20E-04
3.269	8.17E-04
3.27	8.15E-04
3.271	8.13E-04
3.272	8.10E-04
3.273	8.08E-04
3.274	8.05E-04
3.275	8.03E-04
3.276	8.00E-04
3.277	7.98E-04
3.278	7.96E-04
3.279	7.93E-04
3.28	7.91E-04
3.281	7.88E-04
3.282	7.86E-04
3.283	7.84E-04
3.284	7.81E-04
3.285	7.79E-04
3.286	7.77E-04
3.287	7.74E-04
3.288	7.72E-04
3.289	7.70E-04
3.29	7.67E-04
3.291	7.65E-04
3.292	7.63E-04
3.293	7.60E-04
3.294	7.58E-04
3.295	7.56E-04
3.296	7.53E-04
3.297	7.51E-04
3.298	7.49E-04
3.299	7.47E-04
3.3	7.44E-04
3.301	7.42E-04
3.302	7.40E-04
3.303	7.38E-04
3.304	7.35E-04
3.305	7.33E-04
3.306	7.31E-04
3.307	7.29E-04
3.308	7.26E-04
3.309	7.24E-04
3.31	7.22E-04
3.311	7.20E-04
3.312	7.18E-04
3.313	7.15E-04
3.314	7.13E-04
3.315	7.11E-04
3.316	7.09E-04
3.317	7.07E-04
3.318	7.05E-04
3.319	7.02E-04
3.32	7.00E-04
3.321	6.98E-04
3.322	6.96E-04
3.323	6.94E-04
3.324	6.92E-04
3.325	6.90E-04
3.326	6.88E-04
3.327	6.86E-04
3.328	6.83E-04
3.329	6.81E-04
3.33	6.79E-04
3.331	6.77E-04
3.332	6.75E-04
3.333	6.73E-04
3.334	6.71E-04
3.335	6.69E-04
3.336	6.67E-04
3.337	6.65E-04
3.338	6.63E-04
3.339	6.61E-04
3.34	6.59E-04
3.341	6.57E-04
3.342	6.55E-04
3.343	6.53E-04
3.344	6.51E-04
3.345	6.49E-04
3.346	6.47E-04
3.347	6.45E-04
3.348	6.43E-04
3.349	6.41E-04
3.35	6.39E-04
3.351	6.37E-04
3.352	6.35E-04
3.353	6.33E-04
3.354	6.31E-04
3.355	6.29E-04
3.356	6.27E-04
3.357	6.25E-04
3.358	6.23E-04
3.359	6.21E-04
3.36	6.20E-04
3.361	6.18E-04
3.362	6.16E-04
3.363	6.14E-04
3.364	6.12E-04
3.365	6.10E-04
3.366	6.08E-04
3.367	6.06E-04
3.368	6.04E-04
3.369	6.03E-04
3.37	6.01E-04
3.371	5.99E-04
3.372	5.97E-04
3.373	5.95E-04
3.374	5.93E-04
3.375	5.92E-04
3.376	5.90E-04
3.377	5.88E-04
3.378	5.86E-04
3.379	5.84E-04
3.38	5.82E-04
3.381	5.81E-04
3.382	5.79E-04
3.383	5.77E-04
3.384	5.75E-04
3.385	5.74E-04
3.386	5.72E-04
3.387	5.70E-04
3.388	5.68E-04
3.389	5.66E-04
3.39	5.65E-04
3.391	5.63E-04
3.392	5.61E-04
3.393	5.59E-04
3.394	5.58E-04
3.395	5.56E-04
3.396	5.54E-04
3.397	5.53E-04
3.398	5.51E-04
3.399	5.49E-04
3.4	5.47E-04
3.401	5.46E-04
3.402	5.44E-04
3.403	5.42E-04
3.404	5.41E-04
3.405	5.39E-04
3.406	5.37E-04
3.407	5.36E-04
3.408	5.34E-04
3.409	5.32E-04
3.41	5.31E-04
3.411	5.29E-04
3.412	5.27E-04
3.413	5.26E-04
3.414	5.24E-04
3.415	5.23E-04
3.416	5.21E-04
3.417	5.19E-04
3.418	5.18E-04
3.419	5.16E-04
3.42	5.14E-04
3.421	5.13E-04
3.422	5.11E-04
3.423	5.10E-04
3.424	5.08E-04
3.425	5.07E-04
3.426	5.05E-04
3.427	5.03E-04
3.428	5.02E-04
3.429	5.00E-04
3.43	4.99E-04
3.431	4.97E-04
3.432	4.96E-04
3.433	4.94E-04
3.434	4.92E-04
3.435	4.91E-04
3.436	4.89E-04
3.437	4.88E-04
3.438	4.86E-04
3.439	4.85E-04
3.44	4.83E-04
3.441	4.82E-04
3.442	4.80E-04
3.443	4.79E-04
3.444	4.77E-04
3.445	4.76E-04
3.446	4.74E-04
3.447	4.73E-04
3.448	4.71E-04
3.449	4.70E-04
3.45	4.68E-04
3.451	4.67E-04
3.452	4.66E-04
3.453	4.64E-04
3.454	4.63E-04
3.455	4.61E-04
3.456	4.60E-04
3.457	4.58E-04
3.458	4.57E-04
3.459	4.55E-04
3.46	4.54E-04
3.461	4.53E-04
3.462	4.51E-04
3.463	4.50E-04
3.464	4.48E-04
3.465	4.47E-04
3.466	4.46E-04
3.467	4.44E-04
3.468	4.43E-04
3.469	4.41E-04
3.47	4.40E-04
3.471	4.39E-04
3.472	4.37E-04
3.473	4.36E-04
3.474	4.34E-04
3.475	4.33E-04
3.476	4.32E-04
3.477	4.30E-04
3.478	4.29E-04
3.479	4.28E-04
3.48	4.26E-04
3.481	4.25E-04
3.482	4.24E-04
3.483	4.22E-04
3.484	4.21E-04
3.485	4.20E-04
3.486	4.18E-04
3.487	4.17E-04
3.488	4.16E-04
3.489	4.14E-04
3.49	4.13E-04
3.491	4.12E-04
3.492	4.11E-04
3.493	4.09E-04
3.494	4.08E-04
3.495	4.07E-04
3.496	4.05E-04
3.497	4.04E-04
3.498	4.03E-04
3.499	4.02E-04
3.5	4.00E-04
3.501	3.99E-04
3.502	3.98E-04
3.503	3.97E-04
3.504	3.95E-04
3.505	3.94E-04
3.506	3.93E-04
3.507	3.92E-04
3.508	3.90E-04
3.509	3.89E-04
3.51	3.88E-04
3.511	3.87E-04
3.512	3.85E-04
3.513	3.84E-04
3.514	3.83E-04
3.515	3.82E-04
3.516	3.81E-04
3.517	3.79E-04
3.518	3.78E-04
3.519	3.77E-04
3.52	3.76E-04
3.521	3.75E-04
3.522	3.73E-04
3.523	3.72E-04
3.524	3.71E-04
3.525	3.70E-04
3.526	3.69E-04
3.527	3.68E-04
3.528	3.66E-04
3.529	3.65E-04
3.53	3.64E-04
3.531	3.63E-04
3.532	3.62E-04
3.533	3.61E-04
3.534	3.60E-04
3.535	3.58E-04
3.536	3.57E-04
3.537	3.56E-04
3.538	3.55E-04
3.539	3.54E-04
3.54	3.53E-04
3.541	3.52E-04
3.542	3.51E-04
3.543	3.49E-04
3.544	3.48E-04
3.545	3.47E-04
3.546	3.46E-04
3.547	3.45E-04
3.548	3.44E-04
3.549	3.43E-04
3.55	3.42E-04
3.551	3.41E-04
3.552	3.40E-04
3.553	3.39E-04
3.554	3.37E-04
3.555	3.36E-04
3.556	3.35E-04
3.557	3.34E-04
3.558	3.33E-04
3.559	3.32E-04
3.56	3.31E-04
3.561	3.30E-04
3.562	3.29E-04
3.563	3.28E-04
3.564	3.27E-04
3.565	3.26E-04
3.566	3.25E-04
3.567	3.24E-04
3.568	3.23E-04
3.569	3.22E-04
3.57	3.21E-04
3.571	3.20E-04
3.572	3.19E-04
3.573	3.18E-04
3.574	3.17E-04
3.575	3.16E-04
3.576	3.15E-04
3.577	3.14E-04
3.578	3.13E-04
3.579	3.12E-04
3.58	3.11E-04
3.581	3.10E-04
3.582	3.09E-04
3.583	3.08E-04
3.584	3.07E-04
3.585	3.06E-04
3.586	3.05E-04
3.587	3.04E-04
3.588	3.03E-04
3.589	3.02E-04
3.59	3.01E-04
3.591	3.00E-04
3.592	2.99E-04
3.593	2.98E-04
3.594	2.97E-04
3.595	2.96E-04
3.596	2.95E-04
3.597	2.94E-04
3.598	2.93E-04
3.599	2.92E-04
3.6	2.91E-04
3.601	2.91E-04
3.602	2.90E-04
3.603	2.89E-04
3.604	2.88E-04
3.605	2.87E-04
3.606	2.86E-04
3.607	2.85E-04
3.608	2.84E-04
3.609	2.83E-04
3.61	2.82E-04
3.611	2.81E-04
3.612	2.81E-04
3.613	2.80E-04
3.614	2.79E-04
3.615	2.78E-04
3.616	2.77E-04
3.617	2.76E-04
3.618	2.75E-04
3.619	2.74E-04
3.62	2.73E-04
3.621	2.73E-04
3.622	2.72E-04
3.623	2.71E-04
3.624	2.70E-04
3.625	2.69E-04
3.626	2.68E-04
3.627	2.67E-04
3.628	2.67E-04
3.629	2.66E-04
3.63	2.65E-04
3.631	2.64E-04
3.632	2.63E-04
3.633	2.62E-04
3.634	2.61E-04
3.635	2.61E-04
3.636	2.60E-04
3.637	2.59E-04
3.638	2.58E-04
3.639	2.57E-04
3.64	2.57E-04
3.641	2.56E-04
3.642	2.55E-04
3.643	2.54E-04
3.644	2.53E-04
3.645	2.52E-04
3.646	2.52E-04
3.647	2.51E-04
3.648	2.50E-04
3.649	2.49E-04
3.65	2.48E-04
3.651	2.48E-04
3.652	2.47E-04
3.653	2.46E-04
3.654	2.45E-04
3.655	2.44E-04
3.656	2.44E-04
3.657	2.43E-04
3.658	2.42E-04
3.659	2.41E-04
3.66	2.41E-04
3.661	2.40E-04
3.662	2.39E-04
3.663	2.38E-04
3.664	2.38E-04
3.665	2.37E-04
3.666	2.36E-04
3.667	2.35E-04
3.668	2.34E-04
3.669	2.34E-04
3.67	2.33E-04
3.671	2.32E-04
3.672	2.31E-04
3.673	2.31E-04
3.674	2.30E-04
3.675	2.29E-04
3.676	2.29E-04
3.677	2.28E-04
3.678	2.27E-04
3.679	2.26E-04
3.68	2.26E-04
3.681	2.25E-04
3.682	2.24E-04
3.683	2.23E-04
3.684	2.23E-04
3.685	2.22E-04
3.686	2.21E-04
3.687	2.21E-04
3.688	2.20E-04
3.689	2.19E-04
3.69	2.18E-04
3.691	2.18E-04
3.692	2.17E-04
3.693	2.16E-04
3.694	2.16E-04
3.695	2.15E-04
3.696	2.14E-04
3.697	2.14E-04
3.698	2.13E-04
3.699	2.12E-04
3.7	2.12E-04
3.701	2.11E-04
3.702	2.10E-04
3.703	2.10E-04
3.704	2.09E-04
3.705	2.08E-04
3.706	2.08E-04
3.707	2.07E-04
3.708	2.06E-04
3.709	2.06E-04
3.71	2.05E-04
3.711	2.04E-04
3.712	2.04E-04
3.713	2.03E-04
3.714	2.02E-04
3.715	2.02E-04
3.716	2.01E-04
3.717	2.00E-04
3.718	2.00E-04
3.719	1.99E-04
3.72	1.98E-04
3.721	1.98E-04
3.722	1.97E-04
3.723	1.96E-04
3.724	1.96E-04
3.725	1.95E-04
3.726	1.95E-04
3.727	1.94E-04
3.728	1.93E-04
3.729	1.93E-04
3.73	1.92E-04
3.731	1.91E-04
3.732	1.91E-04
3.733	1.90E-04
3.734	1.90E-04
3.735	1.89E-04
3.736	1.88E-04
3.737	1.88E-04
3.738	1.87E-04
3.739	1.87E-04
3.74	1.86E-04
3.741	1.85E-04
3.742	1.85E-04
3.743	1.84E-04
3.744	1.84E-04
3.745	1.83E-04
3.746	1.82E-04
3.747	1.82E-04
3.748	1.81E-04
3.749	1.81E-04
3.75	1.80E-04
3.751	1.80E-04
3.752	1.79E-04
3.753	1.78E-04
3.754	1.78E-04
3.755	1.77E-04
3.756	1.77E-04
3.757	1.76E-04
3.758	1.75E-04
3.759	1.75E-04
3.76	1.74E-04
3.761	1.74E-04
3.762	1.73E-04
3.763	1.73E-04
3.764	1.72E-04
3.765	1.72E-04
3.766	1.71E-04
3.767	1.70E-04
3.768	1.70E-04
3.769	1.69E-04
3.77	1.69E-04
3.771	1.68E-04
3.772	1.68E-04
3.773	1.67E-04
3.774	1.67E-04
3.775	1.66E-04
3.776	1.66E-04
3.777	1.65E-04
3.778	1.65E-04
3.779	1.64E-04
3.78	1.63E-04
3.781	1.63E-04
3.782	1.62E-04
3.783	1.62E-04
3.784	1.61E-04
3.785	1.61E-04
3.786	1.60E-04
3.787	1.60E-04
3.788	1.59E-04
3.789	1.59E-04
3.79	1.58E-04
3.791	1.58E-04
3.792	1.57E-04
3.793	1.57E-04
3.794	1.56E-04
3.795	1.56E-04
3.796	1.55E-04
3.797	1.55E-04
3.798	1.54E-04
3.799	1.54E-04
3.8	1.53E-04
3.801	1.53E-04
3.802	1.52E-04
3.803	1.52E-04
3.804	1.51E-04
3.805	1.51E-04
3.806	1.50E-04
3.807	1.50E-04
3.808	1.49E-04
3.809	1.49E-04
3.81	1.48E-04
3.811	1.48E-04
3.812	1.47E-04
3.813	1.47E-04
3.814	1.46E-04
3.815	1.46E-04
3.816	1.45E-04
3.817	1.45E-04
3.818	1.45E-04
3.819	1.44E-04
3.82	1.44E-04
3.821	1.43E-04
3.822	1.43E-04
3.823	1.42E-04
3.824	1.42E-04
3.825	1.41E-04
3.826	1.41E-04
3.827	1.40E-04
3.828	1.40E-04
3.829	1.39E-04
3.83	1.39E-04
3.831	1.39E-04
3.832	1.38E-04
3.833	1.38E-04
3.834	1.37E-04
3.835	1.37E-04
3.836	1.36E-04
3.837	1.36E-04
3.838	1.35E-04
3.839	1.35E-04
3.84	1.35E-04
3.841	1.34E-04
3.842	1.34E-04
3.843	1.33E-04
3.844	1.33E-04
3.845	1.32E-04
3.846	1.32E-04
3.847	1.32E-04
3.848	1.31E-04
3.849	1.31E-04
3.85	1.30E-04
3.851	1.30E-04
3.852	1.29E-04
3.853	1.29E-04
3.854	1.29E-04
3.855	1.28E-04
3.856	1.28E-04
3.857	1.27E-04
3.858	1.27E-04
3.859	1.27E-04
3.86	1.26E-04
3.861	1.26E-04
3.862	1.25E-04
3.863	1.25E-04
3.864	1.25E-04
3.865	1.24E-04
3.866	1.24E-04
3.867	1.23E-04
3.868	1.23E-04
3.869	1.23E-04
3.87	1.22E-04
3.871	1.22E-04
3.872	1.21E-04
3.873	1.21E-04
3.874	1.21E-04
3.875	1.20E-04
3.876	1.20E-04
3.877	1.19E-04
3.878	1.19E-04
3.879	1.19E-04
3.88	1.18E-04
3.881	1.18E-04
3.882	1.17E-04
3.883	1.17E-04
3.884	1.17E-04
3.885	1.16E-04
3.886	1.16E-04
3.887	1.16E-04
3.888	1.15E-04
3.889	1.15E-04
3.89	1.14E-04
3.891	1.14E-04
3.892	1.14E-04
3.893	1.13E-04
3.894	1.13E-04
3.895	1.13E-04
3.896	1.12E-04
3.897	1.12E-04
3.898	1.11E-04
3.899	1.11E-04
3.9	1.11E-04
3.901	1.10E-04
3.902	1.10E-04
3.903	1.10E-04
3.904	1.09E-04
3.905	1.09E-04
3.906	1.09E-04
3.907	1.08E-04
3.908	1.08E-04
3.909	1.08E-04
3.91	1.07E-04
3.911	1.07E-04
3.912	1.07E-04
3.913	1.06E-04
3.914	1.06E-04
3.915	1.06E-04
3.916	1.05E-04
3.917	1.05E-04
3.918	1.04E-04
3.919	1.04E-04
3.92	1.04E-04
3.921	1.03E-04
3.922	1.03E-04
3.923	1.03E-04
3.924	1.02E-04
3.925	1.02E-04
3.926	1.02E-04
3.927	1.01E-04
3.928	1.01E-04
3.929	1.01E-04
3.93	1.00E-04
3.931	1.00E-04
3.932	9.98E-05
3.933	9.95E-05
3.934	9.92E-05
3.935	9.89E-05
3.936	9.85E-05
3.937	9.82E-05
3.938	9.79E-05
3.939	9.76E-05
3.94	9.73E-05
3.941	9.69E-05
3.942	9.66E-05
3.943	9.63E-05
3.944	9.60E-05
3.945	9.57E-05
3.946	9.54E-05
3.947	9.51E-05
3.948	9.48E-05
3.949	9.45E-05
3.95	9.41E-05
3.951	9.38E-05
3.952	9.35E-05
3.953	9.32E-05
3.954	9.29E-05
3.955	9.26E-05
3.956	9.23E-05
3.957	9.20E-05
3.958	9.17E-05
3.959	9.14E-05
3.96	9.11E-05
3.961	9.08E-05
3.962	9.05E-05
3.963	9.02E-05
3.964	8.99E-05
3.965	8.97E-05
3.966	8.94E-05
3.967	8.91E-05
3.968	8.88E-05
3.969	8.85E-05
3.97	8.82E-05
3.971	8.79E-05
3.972	8.76E-05
3.973	8.74E-05
3.974	8.71E-05
3.975	8.68E-05
3.976	8.65E-05
3.977	8.62E-05
3.978	8.59E-05
3.979	8.57E-05
3.98	8.54E-05
3.981	8.51E-05
3.982	8.48E-05
3.983	8.46E-05
3.984	8.43E-05
3.985	8.40E-05
3.986	8.37E-05
3.987	8.35E-05
3.988	8.32E-05
3.989	8.29E-05
3.99	8.26E-05
3.991	8.24E-05
3.992	8.21E-05
3.993	8.18E-05
3.994	8.16E-05
3.995	8.13E-05
3.996	8.10E-05
3.997	8.08E-05
3.998	8.05E-05
3.999	8.03E-05
4	8.00E-05
4.001	7.97E-05
4.002	7.95E-05
4.003	7.92E-05
4.004	7.90E-05
4.005	7.87E-05
4.006	7.84E-05
4.007	7.82E-05
4.008	7.79E-05
4.009	7.77E-05
4.01	7.74E-05
4.011	7.72E-05
4.012	7.69E-05
4.013	7.67E-05
4.014	7.64E-05
4.015	7.62E-05
4.016	7.59E-05
4.017	7.57E-05
4.018	7.54E-05
4.019	7.52E-05
4.02	7.49E-05
4.021	7.47E-05
4.022	7.45E-05
4.023	7.42E-05
4.024	7.40E-05
4.025	7.37E-05
4.026	7.35E-05
4.027	7.33E-05
4.028	7.30E-05
4.029	7.28E-05
4.03	7.25E-05
4.031	7.23E-05
4.032	7.21E-05
4.033	7.18E-05
4.034	7.16E-05
4.035	7.14E-05
4.036	7.11E-05
4.037	7.09E-05
4.038	7.07E-05
4.039	7.04E-05
4.04	7.02E-05
4.041	7.00E-05
4.042	6.98E-05
4.043	6.95E-05
4.044	6.93E-05
4.045	6.91E-05
4.046	6.88E-05
4.047	6.86E-05
4.048	6.84E-05
4.049	6.82E-05
4.05	6.80E-05
4.051	6.77E-05
4.052	6.75E-05
4.053	6.73E-05
4.054	6.71E-05
4.055	6.69E-05
4.056	6.66E-05
4.057	6.64E-05
4.058	6.62E-05
4.059	6.60E-05
4.06	6.58E-05
4.061	6.56E-05
4.062	6.53E-05
4.063	6.51E-05
4.064	6.49E-05
4.065	6.47E-05
4.066	6.45E-05
4.067	6.43E-05
4.068	6.41E-05
4.069	6.39E-05
4.07	6.37E-05
4.071	6.35E-05
4.072	6.32E-05
4.073	6.30E-05
4.074	6.28E-05
4.075	6.26E-05
4.076	6.24E-05
4.077	6.22E-05
4.078	6.20E-05
4.079	6.18E-05
4.08	6.16E-05
4.081	6.14E-05
4.082	6.12E-05
4.083	6.10E-05
4.084	6.08E-05
4.085	6.06E-05
4.086	6.04E-05
4.087	6.02E-05
4.088	6.00E-05
4.089	5.98E-05
4.09	5.96E-05
4.091	5.94E-05
4.092	5.92E-05
4.093	5.91E-05
4.094	5.89E-05
4.095	5.87E-05
4.096	5.85E-05
4.097	5.83E-05
4.098	5.81E-05
4.099	5.79E-05
4.1	5.77E-05
4.101	5.75E-05
4.102	5.73E-05
4.103	5.72E-05
4.104	5.70E-05
4.105	5.68E-05
4.106	5.66E-05
4.107	5.64E-05
4.108	5.62E-05
4.109	5.60E-05
4.11	5.59E-05
4.111	5.57E-05
4.112	5.55E-05
4.113	5.53E-05
4.114	5.51E-05
4.115	5.50E-05
4.116	5.48E-05
4.117	5.46E-05
4.118	5.44E-05
4.119	5.42E-05
4.12	5.41E-05
4.121	5.39E-05
4.122	5.37E-05
4.123	5.35E-05
4.124	5.34E-05
4.125	5.32E-05
4.126	5.30E-05
4.127	5.28E-05
4.128	5.27E-05
4.129	5.25E-05
4.13	5.23E-05
4.131	5.22E-05
4.132	5.20E-05
4.133	5.18E-05
4.134	5.16E-05
4.135	5.15E-05
4.136	5.13E-05
4.137	5.11E-05
4.138	5.10E-05
4.139	5.08E-05
4.14	5.06E-05
4.141	5.05E-05
4.142	5.03E-05
4.143	5.01E-05
4.144	5.00E-05
4.145	4.98E-05
4.146	4.97E-05
4.147	4.95E-05
4.148	4.93E-05
4.149	4.92E-05
4.15	4.90E-05
4.151	4.89E-05
4.152	4.87E-05
4.153	4.85E-05
4.154	4.84E-05
4.155	4.82E-05
4.156	4.81E-05
4.157	4.79E-05
4.158	4.77E-05
4.159	4.76E-05
4.16	4.74E-05
4.161	4.73E-05
4.162	4.71E-05
4.163	4.70E-05
4.164	4.68E-05
4.165	4.67E-05
4.166	4.65E-05
4.167	4.64E-05
4.168	4.62E-05
4.169	4.61E-05
4.17	4.59E-05
4.171	4.58E-05
4.172	4.56E-05
4.173	4.55E-05
4.174	4.53E-05
4.175	4.52E-05
4.176	4.50E-05
4.177	4.49E-05
4.178	4.47E-05
4.179	4.46E-05
4.18	4.44E-05
4.181	4.43E-05
4.182	4.41E-05
4.183	4.40E-05
4.184	4.39E-05
4.185	4.37E-05
4.186	4.36E-05
4.187	4.34E-05
4.188	4.33E-05
4.189	4.31E-05
4.19	4.30E-05
4.191	4.29E-05
4.192	4.27E-05
4.193	4.26E-05
4.194	4.24E-05
4.195	4.23E-05
4.196	4.22E-05
4.197	4.20E-05
4.198	4.19E-05
4.199	4.18E-05
4.2	4.16E-05
4.201	4.15E-05
4.202	4.13E-05
4.203	4.12E-05
4.204	4.11E-05
4.205	4.09E-05
4.206	4.08E-05
4.207	4.07E-05
4.208	4.05E-05
4.209	4.04E-05
4.21	4.03E-05
4.211	4.01E-05
4.212	4.00E-05
4.213	3.99E-05
4.214	3.98E-05
4.215	3.96E-05
4.216	3.95E-05
4.217	3.94E-05
4.218	3.92E-05
4.219	3.91E-05
4.22	3.90E-05
4.221	3.89E-05
4.222	3.87E-05
4.223	3.86E-05
4.224	3.85E-05
4.225	3.83E-05
4.226	3.82E-05
4.227	3.81E-05
4.228	3.80E-05
4.229	3.78E-05
4.23	3.77E-05
4.231	3.76E-05
4.232	3.75E-05
4.233	3.74E-05
4.234	3.72E-05
4.235	3.71E-05
4.236	3.70E-05
4.237	3.69E-05
4.238	3.67E-05
4.239	3.66E-05
4.24	3.65E-05
4.241	3.64E-05
4.242	3.63E-05
4.243	3.62E-05
4.244	3.60E-05
4.245	3.59E-05
4.246	3.58E-05
4.247	3.57E-05
4.248	3.56E-05
4.249	3.54E-05
4.25	3.53E-05
4.251	3.52E-05
4.252	3.51E-05
4.253	3.50E-05
4.254	3.49E-05
4.255	3.48E-05
4.256	3.46E-05
4.257	3.45E-05
4.258	3.44E-05
4.259	3.43E-05
4.26	3.42E-05
4.261	3.41E-05
4.262	3.40E-05
4.263	3.39E-05
4.264	3.37E-05
4.265	3.36E-05
4.266	3.35E-05
4.267	3.34E-05
4.268	3.33E-05
4.269	3.32E-05
4.27	3.31E-05
4.271	3.30E-05
4.272	3.29E-05
4.273	3.28E-05
4.274	3.27E-05
4.275	3.26E-05
4.276	3.24E-05
4.277	3.23E-05
4.278	3.22E-05
4.279	3.21E-05
4.28	3.20E-05
4.281	3.19E-05
4.282	3.18E-05
4.283	3.17E-05
4.284	3.16E-05
4.285	3.15E-05
4.286	3.14E-05
4.287	3.13E-05
4.288	3.12E-05
4.289	3.11E-05
4.29	3.10E-05
4.291	3.09E-05
4.292	3.08E-05
4.293	3.07E-05
4.294	3.06E-05
4.295	3.05E-05
4.296	3.04E-05
4.297	3.03E-05
4.298	3.02E-05
4.299	3.01E-05
4.3	3.00E-05
4.301	2.99E-05
4.302	2.98E-05
4.303	2.97E-05
4.304	2.96E-05
4.305	2.95E-05
4.306	2.94E-05
4.307	2.93E-05
4.308	2.92E-05
4.309	2.91E-05
4.31	2.90E-05
4.311	2.89E-05
4.312	2.88E-05
4.313	2.87E-05
4.314	2.87E-05
4.315	2.86E-05
4.316	2.85E-05
4.317	2.84E-05
4.318	2.83E-05
4.319	2.82E-05
4.32	2.81E-05
4.321	2.80E-05
4.322	2.79E-05
4.323	2.78E-05
4.324	2.77E-05
4.325	2.76E-05
4.326	2.75E-05
4.327	2.75E-05
4.328	2.74E-05
4.329	2.73E-05
4.33	2.72E-05
4.331	2.71E-05
4.332	2.70E-05
4.333	2.69E-05
4.334	2.68E-05
4.335	2.67E-05
4.336	2.67E-05
4.337	2.66E-05
4.338	2.65E-05
4.339	2.64E-05
4.34	2.63E-05
4.341	2.62E-05
4.342	2.61E-05
4.343	2.61E-05
4.344	2.60E-05
4.345	2.59E-05
4.346	2.58E-05
4.347	2.57E-05
4.348	2.56E-05
4.349	2.55E-05
4.35	2.55E-05
4.351	2.54E-05
4.352	2.53E-05
4.353	2.52E-05
4.354	2.51E-05
4.355	2.50E-05
4.356	2.50E-05
4.357	2.49E-05
4.358	2.48E-05
4.359	2.47E-05
4.36	2.46E-05
4.361	2.46E-05
4.362	2.45E-05
4.363	2.44E-05
4.364	2.43E-05
4.365	2.42E-05
4.366	2.42E-05
4.367	2.41E-05
4.368	2.40E-05
4.369	2.39E-05
4.37	2.38E-05
4.371	2.38E-05
4.372	2.37E-05
4.373	2.36E-05
4.374	2.35E-05
4.375	2.35E-05
4.376	2.34E-05
4.377	2.33E-05
4.378	2.32E-05
4.379	2.32E-05
4.38	2.31E-05
4.381	2.30E-05
4.382	2.29E-05
4.383	2.29E-05
4.384	2.28E-05
4.385	2.27E-05
4.386	2.26E-05
4.387	2.26E-05
4.388	2.25E-05
4.389	2.24E-05
4.39	2.23E-05
4.391	2.23E-05
4.392	2.22E-05
4.393	2.21E-05
4.394	2.20E-05
4.395	2.20E-05
4.396	2.19E-05
4.397	2.18E-05
4.398	2.18E-05
4.399	2.17E-05
4.4	2.16E-05
4.401	2.15E-05
4.402	2.15E-05
4.403	2.14E-05
4.404	2.13E-05
4.405	2.13E-05
4.406	2.12E-05
4.407	2.11E-05
4.408	2.11E-05
4.409	2.10E-05
4.41	2.09E-05
4.411	2.08E-05
4.412	2.08E-05
4.413	2.07E-05
4.414	2.06E-05
4.415	2.06E-05
4.416	2.05E-05
4.417	2.04E-05
4.418	2.04E-05
4.419	2.03E-05
4.42	2.02E-05
4.421	2.02E-05
4.422	2.01E-05
4.423	2.00E-05
4.424	2.00E-05
4.425	1.99E-05
4.426	1.98E-05
4.427	1.98E-05
4.428	1.97E-05
4.429	1.97E-05
4.43	1.96E-05
4.431	1.95E-05
4.432	1.95E-05
4.433	1.94E-05
4.434	1.93E-05
4.435	1.93E-05
4.436	1.92E-05
4.437	1.91E-05
4.438	1.91E-05
4.439	1.90E-05
4.44	1.90E-05
4.441	1.89E-05
4.442	1.88E-05
4.443	1.88E-05
4.444	1.87E-05
4.445	1.86E-05
4.446	1.86E-05
4.447	1.85E-05
4.448	1.85E-05
4.449	1.84E-05
4.45	1.83E-05
4.451	1.83E-05
4.452	1.82E-05
4.453	1.82E-05
4.454	1.81E-05
4.455	1.80E-05
4.456	1.80E-05
4.457	1.79E-05
4.458	1.79E-05
4.459	1.78E-05
4.46	1.78E-05
4.461	1.77E-05
4.462	1.76E-05
4.463	1.76E-05
4.464	1.75E-05
4.465	1.75E-05
4.466	1.74E-05
4.467	1.73E-05
4.468	1.73E-05
4.469	1.72E-05
4.47	1.72E-05
4.471	1.71E-05
4.472	1.71E-05
4.473	1.70E-05
4.474	1.70E-05
4.475	1.69E-05
4.476	1.68E-05
4.477	1.68E-05
4.478	1.67E-05
4.479	1.67E-05
4.48	1.66E-05
4.481	1.66E-05
4.482	1.65E-05
4.483	1.65E-05
4.484	1.64E-05
4.485	1.64E-05
4.486	1.63E-05
4.487	1.62E-05
4.488	1.62E-05
4.489	1.61E-05
4.49	1.61E-05
4.491	1.60E-05
4.492	1.60E-05
4.493	1.59E-05
4.494	1.59E-05
4.495	1.58E-05
4.496	1.58E-05
4.497	1.57E-05
4.498	1.57E-05
4.499	1.56E-05
4.5	1.56E-05
4.501	1.55E-05
4.502	1.55E-05
4.503	1.54E-05
4.504	1.54E-05
4.505	1.53E-05
4.506	1.53E-05
4.507	1.52E-05
4.508	1.52E-05
4.509	1.51E-05
4.51	1.51E-05
4.511	1.50E-05
4.512	1.50E-05
4.513	1.49E-05
4.514	1.49E-05
4.515	1.48E-05
4.516	1.48E-05
4.517	1.47E-05
4.518	1.47E-05
4.519	1.46E-05
4.52	1.46E-05
4.521	1.45E-05
4.522	1.45E-05
4.523	1.44E-05
4.524	1.44E-05
4.525	1.43E-05
4.526	1.43E-05
4.527	1.42E-05
4.528	1.42E-05
4.529	1.42E-05
4.53	1.41E-05
4.531	1.41E-05
4.532	1.40E-05
4.533	1.40E-05
4.534	1.39E-05
4.535	1.39E-05
4.536	1.38E-05
4.537	1.38E-05
4.538	1.37E-05
4.539	1.37E-05
4.54	1.37E-05
4.541	1.36E-05
4.542	1.36E-05
4.543	1.35E-05
4.544	1.35E-05
4.545	1.34E-05
4.546	1.34E-05
4.547	1.33E-05
4.548	1.33E-05
4.549	1.33E-05
4.55	1.32E-05
4.551	1.32E-05
4.552	1.31E-05
4.553	1.31E-05
4.554	1.30E-05
4.555	1.30E-05
4.556	1.30E-05
4.557	1.29E-05
4.558	1.29E-05
4.559	1.28E-05
4.56	1.28E-05
4.561	1.27E-05
4.562	1.27E-05
4.563	1.27E-05
4.564	1.26E-05
4.565	1.26E-05
4.566	1.25E-05
4.567	1.25E-05
4.568	1.25E-05
4.569	1.24E-05
4.57	1.24E-05
4.571	1.23E-05
4.572	1.23E-05
4.573	1.23E-05
4.574	1.22E-05
4.575	1.22E-05
4.576	1.21E-05
4.577	1.21E-05
4.578	1.21E-05
4.579	1.20E-05
4.58	1.20E-05
4.581	1.19E-05
4.582	1.19E-05
4.583	1.19E-05
4.584	1.18E-05
4.585	1.18E-05
4.586	1.17E-05
4.587	1.17E-05
4.588	1.17E-05
4.589	1.16E-05
4.59	1.16E-05
4.591	1.15E-05
4.592	1.15E-05
4.593	1.15E-05
4.594	1.14E-05
4.595	1.14E-05
4.596	1.14E-05
4.597	1.13E-05
4.598	1.13E-05
4.599	1.12E-05
4.6	1.12E-05
4.601	1.12E-05
4.602	1.11E-05
4.603	1.11E-05
4.604	1.11E-05
4.605	1.10E-05
4.606	1.10E-05
4.607	1.10E-05
4.608	1.09E-05
4.609	1.09E-05
4.61	1.09E-05
4.611	1.08E-05
4.612	1.08E-05
4.613	1.07E-05
4.614	1.07E-05
4.615	1.07E-05
4.616	1.06E-05
4.617	1.06E-05
4.618	1.06E-05
4.619	1.05E-05
4.62	1.05E-05
4.621	1.05E-05
4.622	1.04E-05
4.623	1.04E-05
4.624	1.04E-05
4.625	1.03E-05
4.626	1.03E-05
4.627	1.03E-05
4.628	1.02E-05
4.629	1.02E-05
4.63	1.02E-05
4.631	1.01E-05
4.632	1.01E-05
4.633	1.01E-05
4.634	1.00E-05
4.635	1.00E-05
4.636	0
